Date;Time;Timestamp;PM2_5(ug/m3);AQI(US);AQI(CN);PM10(ug/m3);Outdoor AQI(US);Outdoor AQI(CN);Temperature(C);Temperature(F);Humidity(%RH);CO2(ppm);VOC(ppb)
2022/05/30;12:17:13;1653913033;1.0;4;1;1.0;0;0;20.0;67.9;46;350;-1
2022/05/30;12:17:23;1653913043;3.0;13;4;10.0;0;0;20.0;67.9;46;527;-1
2022/05/30;12:17:33;1653913053;3.0;13;4;10.0;0;0;20.0;68.0;46;509;-1
2022/05/30;12:17:43;1653913063;3.0;13;4;14.0;0;0;20.0;68.0;46;515;-1
2022/05/30;12:17:53;1653913073;2.0;8;3;17.0;0;0;20.0;68.0;46;512;-1
2022/05/30;12:18:03;1653913083;2.0;8;3;13.0;0;0;20.0;68.0;46;535;-1
2022/05/30;12:18:13;1653913093;3.0;13;4;10.0;0;0;20.0;68.0;46;536;-1
2022/05/30;12:18:23;1653913103;3.0;13;4;18.0;0;0;20.0;68.0;46;540;-1
2022/05/30;12:18:33;1653913113;2.0;8;3;17.0;0;0;20.0;68.1;47;544;-1
2022/05/30;12:18:43;1653913123;2.0;8;3;17.0;0;0;20.0;68.1;47;546;-1
2022/05/30;12:18:53;1653913133;2.0;8;3;5.0;0;0;20.0;68.1;47;546;-1
2022/05/30;12:19:03;1653913143;2.0;8;3;5.0;0;0;20.1;68.1;47;544;-1
2022/05/30;12:19:13;1653913153;2.0;8;3;9.0;0;0;20.1;68.1;47;542;-1
2022/05/30;12:19:23;1653913163;2.0;8;3;9.0;0;0;20.1;68.1;47;539;-1
2022/05/30;12:19:33;1653913173;2.0;8;3;9.0;0;0;20.1;68.1;47;537;-1
2022/05/30;12:19:43;1653913183;2.0;8;3;5.0;0;0;20.1;68.1;47;535;-1
2022/05/30;12:19:53;1653913193;3.0;13;4;6.0;0;0;20.1;68.1;47;533;-1
2022/05/30;12:20:03;1653913203;3.0;13;4;10.0;0;0;20.1;68.1;47;529;-1
2022/05/30;12:20:13;1653913213;3.0;13;4;10.0;0;0;20.1;68.1;47;525;-1
2022/05/30;12:20:23;1653913223;2.0;8;3;5.0;0;0;20.1;68.1;47;519;-1
2022/05/30;12:20:33;1653913233;2.0;8;3;2.0;0;0;20.1;68.2;47;515;-1
2022/05/30;12:20:43;1653913243;2.0;8;3;2.0;0;0;20.1;68.2;47;509;-1
2022/05/30;12:20:53;1653913253;2.0;8;3;5.0;0;0;20.1;68.2;47;506;-1
2022/05/30;12:21:03;1653913263;2.0;8;3;10.0;0;0;20.1;68.2;47;498;-1
2022/05/30;12:21:13;1653913273;2.0;8;3;13.0;0;0;20.1;68.2;47;495;-1
2022/05/30;12:21:23;1653913283;2.0;8;3;13.0;0;0;20.1;68.2;47;493;-1
2022/05/30;12:21:33;1653913293;2.0;8;3;10.0;0;0;20.1;68.2;47;492;-1
2022/05/30;12:21:43;1653913303;2.0;8;3;5.0;0;0;20.1;68.2;47;487;-1
2022/05/30;12:21:53;1653913313;2.0;8;3;2.0;0;0;20.1;68.2;47;483;-1
2022/05/30;12:22:03;1653913323;2.0;8;3;2.0;0;0;20.2;68.3;47;478;-1
2022/05/30;12:22:13;1653913333;2.0;8;3;5.0;0;0;20.2;68.3;47;475;-1
2022/05/30;12:22:23;1653913343;2.0;8;3;10.0;0;0;20.2;68.3;47;470;-1
2022/05/30;12:22:33;1653913353;2.0;8;3;10.0;0;0;20.2;68.3;47;467;-1
2022/05/30;12:22:43;1653913363;1.0;4;1;4.0;0;0;20.2;68.3;47;464;-1
2022/05/30;12:22:53;1653913373;2.0;8;3;5.0;0;0;20.2;68.3;47;461;-1
2022/05/30;12:23:03;1653913383;2.0;8;3;5.0;0;0;20.2;68.4;47;457;-1
2022/05/30;12:23:13;1653913393;2.0;8;3;18.0;0;0;20.2;68.4;47;454;-1
2022/05/30;12:23:23;1653913403;2.0;8;3;18.0;0;0;20.2;68.4;47;452;-1
2022/05/30;12:23:33;1653913413;2.0;8;3;22.0;0;0;20.2;68.4;47;450;-1
2022/05/30;12:23:43;1653913423;2.0;8;3;10.0;0;0;20.2;68.4;47;449;-1
2022/05/30;12:23:53;1653913433;2.0;8;3;5.0;0;0;20.2;68.4;47;449;-1
2022/05/30;12:24:03;1653913443;2.0;8;3;2.0;0;0;20.2;68.4;49;448;-1
2022/05/30;12:24:13;1653913453;2.0;8;3;2.0;0;0;20.2;68.4;49;448;-1
2022/05/30;12:24:23;1653913463;2.0;8;3;2.0;0;0;20.2;68.4;49;447;-1
2022/05/30;12:24:33;1653913473;2.0;8;3;2.0;0;0;20.3;68.5;49;446;-1
2022/05/30;12:24:43;1653913483;2.0;8;3;2.0;0;0;20.3;68.5;49;446;-1
2022/05/30;12:24:53;1653913493;2.0;8;3;2.0;0;0;20.3;68.5;49;446;-1
2022/05/30;12:25:03;1653913503;2.0;8;3;2.0;0;0;20.3;68.5;47;445;-1
2022/05/30;12:25:13;1653913513;2.0;8;3;5.0;0;0;20.3;68.5;47;445;-1
2022/05/30;12:25:23;1653913523;2.0;8;3;10.0;0;0;20.3;68.5;47;445;-1
2022/05/30;12:25:33;1653913533;2.0;8;3;10.0;0;0;20.3;68.5;47;445;-1
2022/05/30;12:25:43;1653913543;2.0;8;3;14.0;0;0;20.3;68.5;47;445;-1
2022/05/30;12:25:53;1653913553;2.0;8;3;10.0;0;0;20.3;68.5;47;445;-1
2022/05/30;12:26:03;1653913563;3.0;13;4;11.0;0;0;20.3;68.6;48;444;-1
2022/05/30;12:26:13;1653913573;3.0;13;4;6.0;0;0;20.3;68.6;48;445;-1
2022/05/30;12:26:23;1653913583;2.0;8;3;5.0;0;0;20.3;68.6;48;446;-1
2022/05/30;12:26:33;1653913593;2.0;8;3;10.0;0;0;20.3;68.6;48;447;-1
2022/05/30;12:26:43;1653913603;2.0;8;3;5.0;0;0;20.3;68.6;48;447;-1
2022/05/30;12:26:53;1653913613;2.0;8;3;10.0;0;0;20.3;68.6;48;447;-1
2022/05/30;12:32:03;1653913923;2.0;8;3;10.0;0;0;20.6;69.0;47;468;-1
2022/05/30;12:37:03;1653914223;3.0;13;4;3.0;0;0;20.7;69.3;47;493;-1
2022/05/30;12:42:03;1653914523;3.0;13;4;3.0;0;0;20.8;69.5;47;524;-1
2022/05/30;12:47:03;1653914823;2.0;8;3;5.0;0;0;21.0;69.7;46;529;-1
2022/05/30;12:52:03;1653915123;2.0;8;3;2.0;0;0;21.0;69.8;46;531;-1
2022/05/30;12:57:03;1653915423;3.0;13;4;15.0;0;0;21.1;69.9;46;539;-1
2022/05/30;13:02:03;1653915723;3.0;13;4;15.0;0;0;21.1;70.0;46;525;-1
2022/05/30;13:07:03;1653916023;4.0;17;6;12.0;0;0;21.1;70.0;46;539;-1
2022/05/30;13:12:03;1653916323;2.0;8;3;2.0;0;0;21.2;70.1;46;551;-1
2022/05/30;13:17:03;1653916623;3.0;13;4;6.0;0;0;21.2;70.2;46;563;-1
2022/05/30;13:22:03;1653916923;3.0;13;4;6.0;0;0;21.3;70.3;46;579;-1
2022/05/30;13:27:03;1653917223;3.0;13;4;15.0;0;0;21.3;70.3;46;586;-1
2022/05/30;13:32:03;1653917523;3.0;13;4;6.0;0;0;21.3;70.4;46;594;-1
2022/05/30;13:37:03;1653917823;3.0;13;4;6.0;0;0;21.4;70.4;46;610;-1
2022/05/30;13:42:03;1653918123;2.0;8;3;5.0;0;0;21.4;70.5;46;619;-1
2022/05/30;13:47:03;1653918423;3.0;13;4;15.0;0;0;21.4;70.6;46;621;-1
2022/05/30;13:52:03;1653918723;3.0;13;4;6.0;0;0;21.4;70.5;46;625;-1
2022/05/30;13:57:03;1653919023;2.0;8;3;5.0;0;0;21.4;70.6;46;635;-1
2022/05/30;14:02:03;1653919323;2.0;8;3;5.0;0;0;21.5;70.7;46;648;-1
2022/05/30;14:06:48;1653919608;3.0;13;4;11.0;0;0;21.5;70.7;46;658;-1
2022/05/31;11:17:12;1653995832;4.0;17;6;41.0;0;0;19.6;67.3;55;350;-1
2022/05/31;11:17:22;1653995842;4.0;17;6;19.0;0;0;19.6;67.3;55;944;-1
2022/05/31;11:26:52;1653996412;4.0;17;6;4.0;0;0;19.2;66.5;53;450;-1
2022/05/31;11:27:02;1653996422;4.0;17;6;6.0;0;0;19.2;66.5;53;459;-1
2022/05/31;11:27:13;1653996433;4.0;17;6;6.0;0;0;19.2;66.5;53;437;-1
2022/05/31;11:27:22;1653996442;4.0;17;6;19.0;0;0;19.2;66.5;53;447;-1
2022/05/31;11:27:32;1653996452;4.0;17;6;19.0;0;0;19.2;66.5;53;447;-1
2022/05/31;11:27:43;1653996463;4.0;17;6;22.0;0;0;19.1;66.4;53;446;-1
2022/05/31;11:27:52;1653996472;4.0;17;6;15.0;0;0;19.1;66.4;53;446;-1
2022/05/31;11:28:02;1653996482;4.0;17;6;11.0;0;0;19.1;66.4;53;447;-1
2022/05/31;11:28:12;1653996492;4.0;17;6;7.0;0;0;19.1;66.4;53;446;-1
2022/05/31;11:28:22;1653996502;4.0;17;6;4.0;0;0;19.1;66.4;53;446;-1
2022/05/31;11:28:32;1653996512;4.0;17;6;4.0;0;0;19.1;66.4;53;447;-1
2022/05/31;11:28:42;1653996522;4.0;17;6;4.0;0;0;19.1;66.5;53;449;-1
2022/05/31;11:59:28;1653998368;7.0;29;10;46.0;0;0;21.5;70.7;50;350;-1
2022/05/31;11:59:38;1653998378;6.0;25;9;50.0;0;0;21.5;70.7;50;500;-1
2022/05/31;11:59:48;1653998388;7.0;29;10;42.0;0;0;21.5;70.7;50;484;-1
2022/05/31;11:59:58;1653998398;8.0;33;11;35.0;0;0;21.5;70.7;50;493;-1
2022/05/31;12:00:08;1653998408;10.0;42;14;20.0;0;0;21.5;70.7;50;492;-1
2022/05/31;12:00:18;1653998418;9.0;38;13;20.0;0;0;21.4;70.6;51;486;-1
2022/05/31;12:00:28;1653998428;9.0;38;13;28.0;0;0;21.4;70.6;51;488;-1
2022/05/31;12:00:38;1653998438;9.0;38;13;32.0;0;0;21.4;70.6;51;493;-1
2022/05/31;12:00:49;1653998449;10.0;42;14;37.0;0;0;21.4;70.6;51;500;-1
2022/05/31;12:00:58;1653998458;9.0;38;13;36.0;0;0;21.4;70.6;51;500;-1
2022/05/31;12:01:08;1653998468;10.0;42;14;33.0;0;0;21.4;70.6;51;502;-1
2022/05/31;12:01:18;1653998478;10.0;42;14;21.0;0;0;21.4;70.6;51;506;-1
2022/05/31;12:01:28;1653998488;10.0;42;14;34.0;0;0;21.4;70.5;51;509;-1
2022/05/31;12:01:38;1653998498;10.0;42;14;42.0;0;0;21.4;70.5;51;511;-1
2022/05/31;12:01:48;1653998508;9.0;38;13;41.0;0;0;21.4;70.5;51;513;-1
2022/05/31;12:01:58;1653998518;9.0;38;13;20.0;0;0;21.4;70.5;51;514;-1
2022/05/31;12:02:08;1653998528;9.0;38;13;25.0;0;0;21.4;70.5;51;515;-1
2022/05/31;12:02:18;1653998538;10.0;42;14;21.0;0;0;21.4;70.5;51;515;-1
2022/05/31;12:02:28;1653998548;10.0;42;14;26.0;0;0;21.4;70.4;51;516;-1
2022/05/31;12:02:38;1653998558;10.0;42;14;17.0;0;0;21.4;70.4;51;516;-1
2022/05/31;12:02:48;1653998568;9.0;38;13;25.0;0;0;21.4;70.4;51;517;-1
2022/05/31;12:02:58;1653998578;9.0;38;13;28.0;0;0;21.3;70.4;52;518;-1
2022/05/31;12:03:08;1653998588;10.0;42;14;38.0;0;0;21.3;70.4;52;519;-1
2022/05/31;12:03:18;1653998598;9.0;38;13;33.0;0;0;21.3;70.4;52;522;-1
2022/05/31;12:03:28;1653998608;9.0;38;13;25.0;0;0;21.3;70.3;52;523;-1
2022/05/31;12:03:38;1653998618;9.0;38;13;20.0;0;0;21.3;70.3;52;522;-1
2022/05/31;12:03:48;1653998628;9.0;38;13;25.0;0;0;21.3;70.3;52;523;-1
2022/05/31;12:03:58;1653998638;10.0;42;14;26.0;0;0;21.3;70.3;52;524;-1
2022/05/31;12:04:08;1653998648;9.0;38;13;20.0;0;0;21.3;70.3;52;524;-1
2022/05/31;12:04:18;1653998658;9.0;38;13;16.0;0;0;21.3;70.3;52;525;-1
2022/05/31;12:04:28;1653998668;9.0;38;13;29.0;0;0;21.3;70.3;52;526;-1
2022/05/31;12:04:38;1653998678;9.0;38;13;37.0;0;0;21.3;70.3;52;526;-1
2022/05/31;12:04:48;1653998688;10.0;42;14;34.0;0;0;21.3;70.3;52;526;-1
2022/05/31;12:04:58;1653998698;10.0;42;14;30.0;0;0;21.3;70.3;52;527;-1
2022/05/31;12:05:08;1653998708;11.0;46;16;18.0;0;0;21.3;70.3;52;527;-1
2022/05/31;12:05:18;1653998718;11.0;46;16;31.0;0;0;21.3;70.3;52;527;-1
2022/05/31;12:05:28;1653998728;9.0;38;13;25.0;0;0;21.2;70.2;52;528;-1
2022/05/31;12:05:38;1653998738;9.0;38;13;42.0;0;0;21.2;70.2;52;528;-1
2022/05/31;12:05:48;1653998748;8.0;33;11;36.0;0;0;21.2;70.2;52;527;-1
2022/05/31;12:05:58;1653998758;9.0;38;13;42.0;0;0;21.2;70.2;52;526;-1
2022/05/31;12:06:08;1653998768;10.0;42;14;26.0;0;0;21.2;70.2;52;525;-1
2022/05/31;12:06:18;1653998778;10.0;42;14;18.0;0;0;21.2;70.2;52;522;-1
2022/05/31;12:06:28;1653998788;11.0;46;16;18.0;0;0;21.2;70.2;52;520;-1
2022/05/31;12:06:38;1653998798;10.0;42;14;21.0;0;0;21.2;70.2;52;516;-1
2022/05/31;12:06:48;1653998808;10.0;42;14;21.0;0;0;21.2;70.2;52;514;-1
2022/05/31;12:06:58;1653998818;9.0;38;13;17.0;0;0;21.2;70.2;52;511;-1
2022/05/31;12:07:08;1653998828;10.0;42;14;18.0;0;0;21.2;70.2;52;508;-1
2022/05/31;12:07:18;1653998838;10.0;42;14;30.0;0;0;21.2;70.2;52;504;-1
2022/05/31;12:07:28;1653998848;10.0;42;14;26.0;0;0;21.2;70.2;52;502;-1
2022/05/31;12:07:38;1653998858;8.0;33;11;37.0;0;0;21.2;70.2;52;498;-1
2022/05/31;12:07:48;1653998868;8.0;33;11;28.0;0;0;21.2;70.2;52;495;-1
2022/05/31;12:07:58;1653998878;9.0;38;13;56.0;0;0;21.2;70.2;52;493;-1
2022/05/31;12:08:08;1653998888;11.0;46;16;40.0;0;0;21.2;70.2;52;491;-1
2022/05/31;12:08:18;1653998898;10.0;42;14;43.0;0;0;21.2;70.2;52;487;-1
2022/05/31;12:08:28;1653998908;11.0;46;16;36.0;0;0;21.2;70.1;52;484;-1
2022/05/31;12:08:38;1653998918;10.0;42;14;35.0;0;0;21.2;70.1;52;481;-1
2022/05/31;12:08:48;1653998928;11.0;46;16;27.0;0;0;21.2;70.1;52;477;-1
2022/05/31;12:08:58;1653998938;11.0;46;16;19.0;0;0;21.2;70.1;52;475;-1
2022/05/31;12:09:08;1653998948;10.0;42;14;26.0;0;0;21.2;70.1;52;473;-1
2022/05/31;12:09:18;1653998958;9.0;38;13;43.0;0;0;21.2;70.1;52;472;-1
2022/05/31;12:09:28;1653998968;9.0;38;13;38.0;0;0;21.2;70.1;52;471;-1
2022/05/31;12:09:38;1653998978;9.0;38;13;34.0;0;0;21.2;70.1;52;470;-1
2022/05/31;12:09:48;1653998988;9.0;38;13;25.0;0;0;21.2;70.1;52;468;-1
2022/05/31;12:09:58;1653998998;9.0;38;13;25.0;0;0;21.2;70.1;52;466;-1
2022/05/31;12:10:08;1653999008;10.0;42;14;26.0;0;0;21.2;70.1;52;466;-1
2022/05/31;12:10:18;1653999018;9.0;38;13;21.0;0;0;21.2;70.1;52;463;-1
2022/05/31;12:10:28;1653999028;9.0;38;13;21.0;0;0;21.2;70.1;52;462;-1
2022/05/31;12:10:38;1653999038;9.0;38;13;17.0;0;0;21.2;70.1;52;460;-1
2022/05/31;12:10:48;1653999048;9.0;38;13;25.0;0;0;21.2;70.1;52;458;-1
2022/05/31;12:15:50;1653999350;10.0;42;14;30.0;0;0;21.2;70.1;51;502;-1
2022/05/31;12:20:50;1653999650;10.0;42;14;30.0;0;0;21.2;70.2;51;484;-1
2022/05/31;12:34:31;1654000471;2.0;8;3;2.0;0;0;22.4;72.3;45;350;-1
2022/05/31;12:34:41;1654000481;2.0;8;3;2.0;0;0;22.4;72.3;45;454;-1
2022/05/31;12:34:51;1654000491;2.0;8;3;2.0;0;0;22.2;72.0;45;435;-1
2022/05/31;12:35:01;1654000501;3.0;13;4;3.0;0;0;22.2;72.0;45;431;-1
2022/05/31;12:35:11;1654000511;3.0;13;4;3.0;0;0;22.2;72.0;45;423;-1
2022/05/31;12:35:21;1654000521;3.0;13;4;6.0;0;0;22.1;71.7;46;422;-1
2022/05/31;12:35:31;1654000531;3.0;13;4;6.0;0;0;22.1;71.7;46;421;-1
2022/05/31;12:35:41;1654000541;3.0;13;4;11.0;0;0;22.1;71.7;46;417;-1
2022/05/31;12:35:51;1654000551;3.0;13;4;6.0;0;0;21.9;71.5;46;416;-1
2022/05/31;12:36:01;1654000561;3.0;13;4;6.0;0;0;21.9;71.5;46;413;-1
2022/05/31;12:36:11;1654000571;2.0;8;3;5.0;0;0;21.9;71.5;46;411;-1
2022/05/31;12:36:21;1654000581;2.0;8;3;5.0;0;0;21.8;71.2;46;409;-1
2022/05/31;12:36:31;1654000591;2.0;8;3;5.0;0;0;21.8;71.2;46;406;-1
2022/05/31;12:36:41;1654000601;3.0;13;4;3.0;0;0;21.8;71.2;46;404;-1
2022/05/31;12:36:51;1654000611;2.0;8;3;5.0;0;0;21.7;71.0;46;403;-1
2022/05/31;12:37:01;1654000621;3.0;13;4;11.0;0;0;21.7;71.0;46;402;-1
2022/05/31;12:37:11;1654000631;2.0;8;3;14.0;0;0;21.7;71.0;46;401;-1
2022/05/31;12:37:21;1654000641;2.0;8;3;10.0;0;0;21.5;70.7;46;403;-1
2022/05/31;12:37:31;1654000651;2.0;8;3;10.0;0;0;21.5;70.7;46;403;-1
2022/05/31;12:37:41;1654000661;2.0;8;3;10.0;0;0;21.5;70.7;46;403;-1
2022/05/31;12:37:51;1654000671;2.0;8;3;10.0;0;0;21.4;70.5;46;404;-1
2022/05/31;12:38:01;1654000681;2.0;8;3;10.0;0;0;21.4;70.5;46;403;-1
2022/05/31;12:38:11;1654000691;2.0;8;3;5.0;0;0;21.4;70.5;46;404;-1
2022/05/31;12:38:21;1654000701;2.0;8;3;5.0;0;0;21.3;70.3;47;403;-1
2022/05/31;12:38:31;1654000711;2.0;8;3;2.0;0;0;21.3;70.3;47;403;-1
2022/05/31;12:38:41;1654000721;2.0;8;3;2.0;0;0;21.3;70.3;47;403;-1
2022/05/31;12:38:51;1654000731;2.0;8;3;2.0;0;0;21.2;70.2;47;403;-1
2022/05/31;12:39:01;1654000741;2.0;8;3;2.0;0;0;21.2;70.2;47;403;-1
2022/05/31;12:39:11;1654000751;2.0;8;3;2.0;0;0;21.2;70.2;47;402;-1
2022/05/31;12:39:21;1654000761;2.0;8;3;2.0;0;0;21.1;70.0;47;401;-1
2022/05/31;12:39:31;1654000771;2.0;8;3;2.0;0;0;21.1;70.0;47;401;-1
2022/05/31;12:39:41;1654000781;2.0;8;3;2.0;0;0;21.1;70.0;47;401;-1
2022/05/31;12:39:51;1654000791;2.0;8;3;5.0;0;0;21.0;69.9;47;399;-1
2022/05/31;12:40:01;1654000801;1.0;4;1;9.0;0;0;21.0;69.9;47;399;-1
2022/05/31;12:40:11;1654000811;2.0;8;3;14.0;0;0;21.0;69.9;47;398;-1
2022/05/31;12:40:21;1654000821;2.0;8;3;14.0;0;0;21.0;69.8;47;397;-1
2022/05/31;12:40:31;1654000831;2.0;8;3;10.0;0;0;21.0;69.8;47;396;-1
2022/05/31;12:40:41;1654000841;2.0;8;3;14.0;0;0;21.0;69.8;47;395;-1
2022/05/31;12:40:51;1654000851;2.0;8;3;10.0;0;0;20.9;69.7;47;394;-1
2022/05/31;12:41:01;1654000861;2.0;8;3;10.0;0;0;20.9;69.7;47;394;-1
2022/05/31;12:41:11;1654000871;2.0;8;3;2.0;0;0;20.9;69.7;47;392;-1
2022/05/31;12:41:21;1654000881;2.0;8;3;2.0;0;0;20.9;69.6;47;390;-1
2022/05/31;12:41:31;1654000891;2.0;8;3;2.0;0;0;20.9;69.6;47;389;-1
2022/05/31;12:41:41;1654000901;2.0;8;3;2.0;0;0;20.9;69.6;47;387;-1
2022/05/31;12:41:51;1654000911;2.0;8;3;2.0;0;0;20.8;69.5;47;386;-1
2022/05/31;12:42:01;1654000921;2.0;8;3;2.0;0;0;20.8;69.5;47;385;-1
2022/05/31;12:42:11;1654000931;2.0;8;3;2.0;0;0;20.8;69.5;47;384;-1
2022/05/31;12:42:21;1654000941;2.0;8;3;2.0;0;0;20.8;69.4;47;383;-1
2022/05/31;12:42:31;1654000951;2.0;8;3;2.0;0;0;20.8;69.4;47;382;-1
2022/05/31;12:42:41;1654000961;1.0;4;1;1.0;0;0;20.8;69.4;47;382;-1
2022/05/31;12:42:51;1654000971;1.0;4;1;1.0;0;0;20.7;69.3;47;382;-1
2022/05/31;12:43:01;1654000981;1.0;4;1;4.0;0;0;20.7;69.3;47;381;-1
2022/05/31;12:43:11;1654000991;2.0;8;3;5.0;0;0;20.7;69.3;47;380;-1
2022/05/31;12:43:21;1654001001;2.0;8;3;5.0;0;0;20.7;69.3;47;379;-1
2022/05/31;12:43:31;1654001011;2.0;8;3;2.0;0;0;20.7;69.3;47;377;-1
2022/05/31;12:43:41;1654001021;1.0;4;1;1.0;0;0;20.7;69.3;47;376;-1
2022/05/31;12:43:51;1654001031;2.0;8;3;5.0;0;0;20.7;69.2;47;375;-1
2022/05/31;12:44:01;1654001041;2.0;8;3;5.0;0;0;20.7;69.2;47;375;-1
2022/05/31;12:44:11;1654001051;2.0;8;3;5.0;0;0;20.7;69.2;47;374;-1
2022/05/31;12:49:21;1654001361;3.0;13;4;3.0;0;0;20.6;69.0;48;383;-1
2022/05/31;12:53:58;1654001638;7.0;29;10;27.0;0;0;20.5;68.9;49;396;-1
2022/05/31;12:54:08;1654001648;7.0;29;10;32.0;0;0;20.5;68.9;49;401;-1
2022/05/31;12:54:18;1654001658;7.0;29;10;27.0;0;0;20.5;68.9;50;405;-1
2022/05/31;12:54:21;1654001661;7.0;29;10;27.0;0;0;20.5;68.9;50;405;-1
2022/05/31;12:54:28;1654001668;7.0;29;10;32.0;0;0;20.5;68.9;50;411;-1
2022/05/31;12:54:38;1654001678;5.0;21;7;13.0;0;0;20.5;68.9;50;414;-1
2022/05/31;12:54:48;1654001688;5.0;21;7;21.0;0;0;20.5;69.0;49;417;-1
2022/05/31;12:54:58;1654001698;5.0;21;7;13.0;0;0;20.5;69.0;49;420;-1
2022/05/31;12:55:08;1654001708;7.0;29;10;23.0;0;0;20.5;69.0;49;421;-1
2022/05/31;12:55:18;1654001718;7.0;29;10;15.0;0;0;20.6;69.0;51;423;-1
2022/05/31;12:55:28;1654001728;7.0;29;10;19.0;0;0;20.6;69.0;51;425;-1
2022/05/31;12:55:38;1654001738;5.0;21;7;13.0;0;0;20.6;69.0;51;425;-1
2022/05/31;12:55:48;1654001748;4.0;17;6;12.0;0;0;20.5;68.9;50;425;-1
2022/05/31;12:55:58;1654001758;3.0;13;4;6.0;0;0;20.5;68.9;50;426;-1
2022/05/31;12:56:08;1654001768;3.0;13;4;3.0;0;0;20.5;68.9;50;426;-1
2022/05/31;12:56:18;1654001778;3.0;13;4;3.0;0;0;20.5;68.9;50;426;-1
2022/05/31;12:56:28;1654001788;3.0;13;4;6.0;0;0;20.5;68.9;50;427;-1
2022/05/31;12:56:38;1654001798;3.0;13;4;11.0;0;0;20.5;68.9;50;428;-1
2022/05/31;12:56:48;1654001808;3.0;13;4;15.0;0;0;20.5;68.8;50;432;-1
2022/05/31;12:56:58;1654001818;4.0;17;6;21.0;0;0;20.5;68.8;50;435;-1
2022/05/31;12:57:08;1654001828;4.0;17;6;21.0;0;0;20.5;68.8;50;443;-1
2022/05/31;12:57:18;1654001838;5.0;21;7;22.0;0;0;20.4;68.8;50;448;-1
2022/05/31;12:57:28;1654001848;5.0;21;7;13.0;0;0;20.4;68.8;50;452;-1
2022/05/31;12:57:38;1654001858;5.0;21;7;13.0;0;0;20.4;68.8;50;462;-1
2022/05/31;12:57:48;1654001868;4.0;17;6;12.0;0;0;20.4;68.7;50;467;-1
2022/05/31;12:57:58;1654001878;4.0;17;6;12.0;0;0;20.4;68.7;50;474;-1
2022/05/31;12:58:08;1654001888;4.0;17;6;7.0;0;0;20.4;68.7;50;479;-1
2022/05/31;12:58:18;1654001898;5.0;21;7;5.0;0;0;20.4;68.7;50;487;-1
2022/05/31;12:58:28;1654001908;4.0;17;6;4.0;0;0;20.4;68.7;50;490;-1
2022/05/31;12:58:38;1654001918;4.0;17;6;4.0;0;0;20.4;68.7;50;495;-1
2022/05/31;12:58:48;1654001928;3.0;13;4;6.0;0;0;20.4;68.7;50;497;-1
2022/05/31;12:58:58;1654001938;3.0;13;4;6.0;0;0;20.4;68.7;50;499;-1
2022/05/31;12:59:08;1654001948;3.0;13;4;6.0;0;0;20.4;68.7;50;499;-1
2022/05/31;12:59:18;1654001958;4.0;17;6;4.0;0;0;20.4;68.7;50;500;-1
2022/05/31;12:59:28;1654001968;4.0;17;6;4.0;0;0;20.4;68.7;50;500;-1
2022/05/31;12:59:38;1654001978;4.0;17;6;7.0;0;0;20.4;68.7;50;500;-1
2022/05/31;12:59:48;1654001988;3.0;13;4;11.0;0;0;20.4;68.7;50;500;-1
2022/05/31;12:59:58;1654001998;3.0;13;4;28.0;0;0;20.4;68.7;50;500;-1
2022/05/31;13:00:08;1654002008;3.0;13;4;41.0;0;0;20.4;68.7;50;500;-1
2022/05/31;13:00:18;1654002018;4.0;17;6;42.0;0;0;20.4;68.7;50;500;-1
2022/05/31;13:00:28;1654002028;4.0;17;6;33.0;0;0;20.4;68.7;50;499;-1
2022/05/31;13:00:38;1654002038;5.0;21;7;22.0;0;0;20.4;68.7;50;498;-1
2022/05/31;13:00:48;1654002048;4.0;17;6;21.0;0;0;20.3;68.6;50;498;-1
2022/05/31;13:00:58;1654002058;4.0;17;6;16.0;0;0;20.3;68.6;50;498;-1
2022/05/31;13:01:08;1654002068;4.0;17;6;16.0;0;0;20.3;68.6;50;498;-1
2022/05/31;13:01:18;1654002078;5.0;21;7;17.0;0;0;20.3;68.5;51;499;-1
2022/05/31;13:01:28;1654002088;4.0;17;6;12.0;0;0;20.3;68.5;51;499;-1
2022/05/31;13:01:38;1654002098;4.0;17;6;16.0;0;0;20.3;68.5;51;500;-1
2022/05/31;13:01:48;1654002108;4.0;17;6;16.0;0;0;20.2;68.4;51;500;-1
2022/05/31;13:01:58;1654002118;3.0;13;4;20.0;0;0;20.2;68.4;51;502;-1
2022/05/31;13:02:08;1654002128;4.0;17;6;21.0;0;0;20.2;68.4;51;503;-1
2022/05/31;13:02:18;1654002138;4.0;17;6;16.0;0;0;20.2;68.3;51;507;-1
2022/05/31;13:02:28;1654002148;5.0;21;7;8.0;0;0;20.2;68.3;51;510;-1
2022/05/31;13:02:38;1654002158;4.0;17;6;7.0;0;0;20.2;68.3;51;515;-1
2022/05/31;13:02:48;1654002168;3.0;13;4;6.0;0;0;20.1;68.3;51;517;-1
2022/05/31;13:02:58;1654002178;3.0;13;4;11.0;0;0;20.1;68.3;51;517;-1
2022/05/31;13:03:08;1654002188;3.0;13;4;6.0;0;0;20.1;68.3;51;516;-1
2022/05/31;13:03:18;1654002198;4.0;17;6;7.0;0;0;20.1;68.2;51;516;-1
2022/05/31;13:03:28;1654002208;4.0;17;6;4.0;0;0;20.1;68.2;51;515;-1
2022/05/31;13:03:38;1654002218;4.0;17;6;4.0;0;0;20.1;68.2;51;514;-1
2022/05/31;13:08:48;1654002528;3.0;13;4;3.0;0;0;19.8;67.6;50;462;-1
2022/05/31;13:13:48;1654002828;3.0;13;4;3.0;0;0;19.5;67.2;51;437;-1
2022/05/31;13:18:48;1654003128;1.0;4;1;9.0;0;0;20.0;68.0;58;1631;-1
2022/05/31;13:23:48;1654003428;2.0;8;3;2.0;0;0;19.9;67.9;52;551;-1
2022/05/31;13:28:48;1654003728;3.0;13;4;6.0;0;0;19.6;67.2;52;586;-1
2022/05/31;13:33:48;1654004028;3.0;13;4;11.0;0;0;19.4;66.9;52;567;-1
2022/05/31;13:38:48;1654004328;3.0;13;4;11.0;0;0;19.4;67.0;53;559;-1
2022/05/31;13:43:48;1654004628;2.0;8;3;14.0;0;0;19.4;67.0;52;562;-1
2022/05/31;13:48:48;1654004928;2.0;8;3;5.0;0;0;19.4;66.9;55;525;-1
2022/05/31;13:53:48;1654005228;3.0;13;4;11.0;0;0;19.4;66.9;55;526;-1
2022/05/31;16:03:32;1654013012;2.0;8;3;2.0;0;0;19.9;67.8;60;350;-1
2022/05/31;16:03:42;1654013022;2.0;8;3;2.0;0;0;19.9;67.8;60;2075;-1
2022/05/31;16:03:52;1654013032;2.0;8;3;2.0;0;0;19.9;67.9;59;1989;-1
2022/05/31;16:04:02;1654013042;2.0;8;3;2.0;0;0;19.9;67.9;59;1994;-1
2022/05/31;16:04:12;1654013052;2.0;8;3;2.0;0;0;19.9;67.9;59;1990;-1
2022/05/31;16:04:22;1654013062;2.0;8;3;9.0;0;0;19.9;67.9;59;1955;-1
2022/05/31;16:04:32;1654013072;2.0;8;3;9.0;0;0;19.9;67.9;59;1954;-1
2022/05/31;16:04:42;1654013082;2.0;8;3;9.0;0;0;19.9;67.9;59;1953;-1
2022/05/31;16:04:52;1654013092;2.0;8;3;5.0;0;0;19.9;67.9;59;1952;-1
2022/05/31;16:05:02;1654013102;2.0;8;3;9.0;0;0;19.9;67.9;59;1949;-1
2022/05/31;16:05:12;1654013112;2.0;8;3;9.0;0;0;19.9;67.9;59;1948;-1
2022/05/31;16:05:22;1654013122;2.0;8;3;9.0;0;0;19.9;67.9;59;1945;-1
2022/05/31;16:05:32;1654013132;2.0;8;3;5.0;0;0;19.9;67.9;59;1941;-1
2022/05/31;16:05:42;1654013142;2.0;8;3;5.0;0;0;19.9;67.9;59;1937;-1
2022/05/31;16:05:52;1654013152;2.0;8;3;9.0;0;0;19.9;67.9;59;1936;-1
2022/05/31;16:06:02;1654013162;2.0;8;3;13.0;0;0;19.9;67.9;59;1936;-1
2022/05/31;16:06:12;1654013172;2.0;8;3;21.0;0;0;19.9;67.9;59;1935;-1
2022/05/31;16:06:22;1654013182;2.0;8;3;13.0;0;0;19.9;67.9;60;1933;-1
2022/05/31;16:06:32;1654013192;2.0;8;3;10.0;0;0;19.9;67.9;60;1933;-1
2022/05/31;16:06:42;1654013202;3.0;13;4;6.0;0;0;19.9;67.9;60;1933;-1
2022/05/31;16:06:52;1654013212;2.0;8;3;5.0;0;0;19.9;67.9;60;1932;-1
2022/05/31;16:07:02;1654013222;2.0;8;3;5.0;0;0;19.9;67.9;60;1932;-1
2022/05/31;16:07:12;1654013232;2.0;8;3;2.0;0;0;19.9;67.9;60;1932;-1
2022/05/31;16:07:22;1654013242;2.0;8;3;2.0;0;0;19.9;67.9;60;1931;-1
2022/05/31;16:07:32;1654013252;2.0;8;3;10.0;0;0;19.9;67.9;60;1932;-1
2022/05/31;16:07:42;1654013262;2.0;8;3;10.0;0;0;19.9;67.9;60;1931;-1
2022/05/31;16:07:52;1654013272;2.0;8;3;13.0;0;0;19.9;67.9;60;1931;-1
2022/05/31;16:08:02;1654013282;2.0;8;3;5.0;0;0;19.9;67.9;60;1930;-1
2022/05/31;16:08:12;1654013292;2.0;8;3;5.0;0;0;19.9;67.9;60;1930;-1
2022/05/31;16:08:22;1654013302;2.0;8;3;5.0;0;0;19.9;67.9;60;1931;-1
2022/05/31;16:08:32;1654013312;2.0;8;3;5.0;0;0;19.9;67.9;60;1933;-1
2022/05/31;16:08:42;1654013322;2.0;8;3;5.0;0;0;19.9;67.9;60;1933;-1
2022/05/31;16:08:52;1654013332;2.0;8;3;2.0;0;0;20.0;67.9;60;1934;-1
2022/05/31;16:09:02;1654013342;2.0;8;3;2.0;0;0;20.0;67.9;60;1937;-1
2022/05/31;16:09:12;1654013352;3.0;13;4;3.0;0;0;20.0;67.9;60;1937;-1
2022/05/31;16:09:22;1654013362;3.0;13;4;3.0;0;0;20.0;67.9;60;1938;-1
2022/05/31;16:09:32;1654013372;3.0;13;4;3.0;0;0;20.0;67.9;60;1938;-1
2022/05/31;16:09:42;1654013382;2.0;8;3;5.0;0;0;20.0;67.9;60;1939;-1
2022/05/31;16:09:52;1654013392;2.0;8;3;5.0;0;0;20.0;67.9;60;1938;-1
2022/05/31;16:10:02;1654013402;3.0;13;4;6.0;0;0;20.0;67.9;60;1939;-1
2022/05/31;16:10:12;1654013412;2.0;8;3;2.0;0;0;20.0;67.9;60;1938;-1
2022/05/31;16:10:22;1654013422;2.0;8;3;2.0;0;0;20.0;67.9;60;1940;-1
2022/05/31;16:10:32;1654013432;2.0;8;3;2.0;0;0;20.0;67.9;60;1942;-1
2022/05/31;16:10:42;1654013442;2.0;8;3;2.0;0;0;20.0;67.9;60;1942;-1
2022/05/31;16:10:52;1654013452;2.0;8;3;2.0;0;0;20.0;68.0;60;1943;-1
2022/05/31;16:11:02;1654013462;2.0;8;3;5.0;0;0;20.0;68.0;60;1946;-1
2022/05/31;16:11:12;1654013472;2.0;8;3;10.0;0;0;20.0;68.0;60;1948;-1
2022/05/31;16:11:22;1654013482;2.0;8;3;10.0;0;0;20.0;68.0;60;1950;-1
2022/05/31;16:11:32;1654013492;2.0;8;3;14.0;0;0;20.0;68.0;60;1952;-1
2022/05/31;16:11:42;1654013502;2.0;8;3;10.0;0;0;20.0;68.0;60;1955;-1
2022/05/31;16:11:52;1654013512;2.0;8;3;5.0;0;0;20.0;68.0;60;1956;-1
2022/05/31;16:12:02;1654013522;2.0;8;3;2.0;0;0;20.0;68.0;60;1957;-1
2022/05/31;16:12:12;1654013532;2.0;8;3;2.0;0;0;20.0;68.0;60;1958;-1
2022/05/31;16:12:22;1654013542;2.0;8;3;2.0;0;0;20.0;68.1;61;1959;-1
2022/05/31;16:12:32;1654013552;2.0;8;3;2.0;0;0;20.0;68.1;61;1960;-1
2022/05/31;16:12:42;1654013562;2.0;8;3;2.0;0;0;20.0;68.1;61;1962;-1
2022/05/31;16:12:52;1654013572;2.0;8;3;2.0;0;0;20.1;68.1;61;1961;-1
2022/05/31;16:13:02;1654013582;2.0;8;3;5.0;0;0;20.1;68.1;61;1963;-1
2022/05/31;16:13:12;1654013592;2.0;8;3;5.0;0;0;20.1;68.1;61;1965;-1
2022/05/31;16:18:22;1654013902;2.0;8;3;10.0;0;0;20.2;68.3;60;1993;-1
2022/05/31;16:23:22;1654014202;3.0;13;4;11.0;0;0;20.3;68.5;60;2020;-1
2022/05/31;16:28:22;1654014502;2.0;8;3;5.0;0;0;20.4;68.7;59;2033;-1
2022/05/31;16:33:22;1654014802;2.0;8;3;2.0;0;0;20.5;68.9;59;2057;-1
2022/05/31;16:38:22;1654015102;1.0;4;1;9.0;0;0;20.6;69.1;60;2092;-1
2022/05/31;16:43:22;1654015402;3.0;13;4;6.0;0;0;20.7;69.2;60;2129;-1
2022/05/31;16:48:22;1654015702;2.0;8;3;5.0;0;0;20.7;69.3;60;2138;-1
2022/05/31;16:53:22;1654016002;2.0;8;3;2.0;0;0;20.8;69.5;60;2144;-1
2022/05/31;16:58:22;1654016302;2.0;8;3;5.0;0;0;20.9;69.5;59;2149;-1
2022/05/31;17:03:22;1654016602;1.0;4;1;4.0;0;0;20.9;69.6;59;2169;-1
2022/05/31;17:08:22;1654016902;2.0;8;3;5.0;0;0;21.0;69.7;59;2176;-1
2022/05/31;17:13:22;1654017202;1.0;4;1;1.0;0;0;21.0;69.8;59;2163;-1
2022/05/31;17:18:22;1654017502;2.0;8;3;2.0;0;0;21.0;69.9;59;2151;-1
2022/05/31;17:22:25;1654017745;2.0;8;3;2.0;0;0;21.0;69.9;58;2152;-1
2022/05/31;17:22:35;1654017755;2.0;8;3;2.0;0;0;21.0;69.9;58;2152;-1
2022/05/31;17:22:45;1654017765;2.0;8;3;2.0;0;0;21.1;69.9;59;2152;-1
2022/05/31;17:22:55;1654017775;1.0;4;1;4.0;0;0;21.1;69.9;59;2151;-1
2022/05/31;17:23:05;1654017785;1.0;4;1;4.0;0;0;21.1;69.9;59;2152;-1
2022/05/31;17:23:15;1654017795;1.0;4;1;9.0;0;0;21.1;69.9;59;2152;-1
2022/05/31;17:23:25;1654017805;1.0;4;1;4.0;0;0;21.1;69.9;59;2152;-1
2022/05/31;17:23:35;1654017815;2.0;8;3;10.0;0;0;21.1;69.9;59;2153;-1
2022/05/31;17:23:45;1654017825;2.0;8;3;5.0;0;0;21.1;69.9;59;2155;-1
2022/05/31;17:23:55;1654017835;2.0;8;3;14.0;0;0;21.1;69.9;59;2158;-1
2022/05/31;17:24:05;1654017845;2.0;8;3;10.0;0;0;21.1;69.9;59;2159;-1
2022/05/31;17:24:15;1654017855;2.0;8;3;10.0;0;0;21.1;69.9;59;2161;-1
2022/05/31;17:24:25;1654017865;2.0;8;3;2.0;0;0;21.0;69.9;59;2165;-1
2022/05/31;17:24:35;1654017875;2.0;8;3;2.0;0;0;21.0;69.9;59;2167;-1
2022/05/31;17:24:45;1654017885;2.0;8;3;5.0;0;0;21.0;69.9;59;2167;-1
2022/05/31;17:24:55;1654017895;2.0;8;3;10.0;0;0;21.0;69.8;59;2167;-1
2022/05/31;17:25:05;1654017905;1.0;4;1;9.0;0;0;21.0;69.8;59;2170;-1
2022/05/31;17:25:15;1654017915;2.0;8;3;10.0;0;0;21.0;69.8;59;2170;-1
2022/05/31;17:25:25;1654017925;2.0;8;3;5.0;0;0;21.0;69.9;59;2172;-1
2022/05/31;17:25:35;1654017935;2.0;8;3;5.0;0;0;21.0;69.9;59;2172;-1
2022/05/31;17:25:45;1654017945;1.0;4;1;1.0;0;0;21.0;69.9;59;2174;-1
2022/05/31;17:25:55;1654017955;2.0;8;3;2.0;0;0;21.0;69.8;59;2176;-1
2022/05/31;17:26:05;1654017965;2.0;8;3;2.0;0;0;21.0;69.8;59;2181;-1
2022/05/31;17:26:15;1654017975;2.0;8;3;2.0;0;0;21.0;69.8;59;2181;-1
2022/05/31;17:26:25;1654017985;2.0;8;3;5.0;0;0;21.0;69.9;59;2182;-1
2022/05/31;17:26:35;1654017995;2.0;8;3;5.0;0;0;21.0;69.9;59;2183;-1
2022/05/31;17:26:45;1654018005;2.0;8;3;10.0;0;0;21.0;69.9;59;2184;-1
2022/05/31;17:26:55;1654018015;2.0;8;3;10.0;0;0;21.0;69.8;59;2184;-1
2022/05/31;17:27:05;1654018025;2.0;8;3;10.0;0;0;21.0;69.8;59;2184;-1
2022/05/31;17:27:15;1654018035;2.0;8;3;5.0;0;0;21.0;69.8;59;2184;-1
2022/05/31;17:27:25;1654018045;2.0;8;3;5.0;0;0;21.0;69.9;59;2185;-1
2022/05/31;17:27:35;1654018055;2.0;8;3;5.0;0;0;21.0;69.9;59;2184;-1
2022/05/31;17:27:45;1654018065;2.0;8;3;10.0;0;0;21.0;69.9;59;2185;-1
2022/05/31;17:27:55;1654018075;2.0;8;3;10.0;0;0;21.0;69.9;59;2185;-1
2022/05/31;17:28:05;1654018085;2.0;8;3;10.0;0;0;21.0;69.9;59;2185;-1
2022/05/31;17:28:15;1654018095;2.0;8;3;5.0;0;0;21.0;69.9;59;2185;-1
2022/05/31;17:28:25;1654018105;2.0;8;3;2.0;0;0;21.0;69.8;59;2185;-1
2022/05/31;17:28:35;1654018115;2.0;8;3;2.0;0;0;21.0;69.8;59;2185;-1
2022/05/31;17:28:45;1654018125;2.0;8;3;2.0;0;0;21.0;69.8;59;2185;-1
2022/05/31;17:28:55;1654018135;1.0;4;1;1.0;0;0;21.0;69.8;59;2185;-1
2022/05/31;17:29:05;1654018145;2.0;8;3;2.0;0;0;21.0;69.8;59;2185;-1
2022/05/31;17:29:15;1654018155;2.0;8;3;2.0;0;0;21.0;69.8;59;2185;-1
2022/05/31;17:29:25;1654018165;3.0;13;4;3.0;0;0;21.0;69.8;59;2185;-1
2022/05/31;17:29:35;1654018175;2.0;8;3;5.0;0;0;21.0;69.8;59;2185;-1
2022/05/31;17:29:45;1654018185;1.0;4;1;4.0;0;0;21.0;69.8;59;2184;-1
2022/05/31;17:29:55;1654018195;2.0;8;3;5.0;0;0;21.0;69.8;59;2183;-1
2022/05/31;17:30:05;1654018205;1.0;4;1;1.0;0;0;21.0;69.8;59;2183;-1
2022/05/31;17:30:15;1654018215;1.0;4;1;1.0;0;0;21.0;69.8;59;2182;-1
2022/05/31;17:30:25;1654018225;1.0;4;1;1.0;0;0;21.0;69.8;59;2181;-1
2022/05/31;17:30:35;1654018235;2.0;8;3;2.0;0;0;21.0;69.8;59;2181;-1
2022/05/31;17:30:45;1654018245;1.0;4;1;9.0;0;0;21.0;69.8;59;2181;-1
2022/05/31;17:30:55;1654018255;1.0;4;1;9.0;0;0;21.0;69.8;59;2180;-1
2022/05/31;17:31:05;1654018265;1.0;4;1;9.0;0;0;21.0;69.8;59;2181;-1
2022/05/31;17:31:15;1654018275;1.0;4;1;1.0;0;0;21.0;69.8;59;2181;-1
2022/05/31;17:31:25;1654018285;1.0;4;1;4.0;0;0;21.0;69.7;59;2181;-1
2022/05/31;17:31:35;1654018295;2.0;8;3;5.0;0;0;21.0;69.7;59;2181;-1
2022/05/31;17:31:45;1654018305;2.0;8;3;10.0;0;0;21.0;69.7;59;2181;-1
2022/05/31;17:31:55;1654018315;2.0;8;3;10.0;0;0;21.0;69.7;59;2181;-1
2022/05/31;17:32:05;1654018325;2.0;8;3;14.0;0;0;21.0;69.7;59;2180;-1
2022/05/31;17:32:15;1654018335;2.0;8;3;10.0;0;0;21.0;69.7;59;2180;-1
2022/05/31;17:32:25;1654018345;2.0;8;3;10.0;0;0;21.0;69.8;59;2180;-1
2022/05/31;17:32:35;1654018355;2.0;8;3;5.0;0;0;21.0;69.8;59;2180;-1
2022/05/31;17:32:45;1654018365;3.0;13;4;6.0;0;0;21.0;69.8;59;2181;-1
2022/05/31;17:32:55;1654018375;2.0;8;3;5.0;0;0;21.0;69.8;59;2180;-1
2022/05/31;17:33:05;1654018385;2.0;8;3;10.0;0;0;21.0;69.8;59;2182;-1
2022/05/31;17:33:15;1654018395;2.0;8;3;5.0;0;0;21.0;69.8;59;2183;-1
2022/05/31;17:33:25;1654018405;2.0;8;3;5.0;0;0;21.0;69.8;59;2182;-1
2022/05/31;17:33:35;1654018415;2.0;8;3;2.0;0;0;21.0;69.8;59;2182;-1
2022/05/31;17:33:45;1654018425;1.0;4;1;1.0;0;0;21.0;69.8;59;2182;-1
2022/05/31;17:38:50;1654018730;1.0;4;1;18.0;0;0;20.9;69.7;59;2179;-1
2022/05/31;17:43:50;1654019030;2.0;8;3;5.0;0;0;20.9;69.6;59;2205;-1
2022/05/31;17:48:50;1654019330;2.0;8;3;10.0;0;0;20.8;69.5;59;2225;-1
2022/05/31;17:53:50;1654019630;2.0;8;3;5.0;0;0;20.8;69.4;59;2222;-1
2022/05/31;17:58:50;1654019930;1.0;4;1;9.0;0;0;20.8;69.4;59;2216;-1
2022/05/31;18:03:50;1654020230;2.0;8;3;5.0;0;0;20.7;69.3;59;2206;-1
2022/05/31;18:08:50;1654020530;2.0;8;3;5.0;0;0;20.7;69.2;59;2197;-1
2022/05/31;18:13:50;1654020830;2.0;8;3;10.0;0;0;20.6;69.1;58;2187;-1
2022/05/31;18:18:50;1654021130;2.0;8;3;5.0;0;0;20.6;69.0;58;2180;-1
2022/05/31;18:23:50;1654021430;2.0;8;3;2.0;0;0;20.5;68.9;58;2172;-1
2022/05/31;18:28:50;1654021730;1.0;4;1;4.0;0;0;20.5;68.9;58;2162;-1
2022/05/31;18:33:50;1654022030;2.0;8;3;2.0;0;0;20.5;68.8;58;2151;-1
2022/05/31;18:38:50;1654022330;1.0;4;1;1.0;0;0;20.4;68.8;58;2138;-1
2022/05/31;18:43:50;1654022630;2.0;8;3;2.0;0;0;20.3;68.6;58;2135;-1
2022/05/31;18:48:50;1654022930;1.0;4;1;1.0;0;0;20.3;68.6;58;2124;-1
2022/05/31;18:53:50;1654023230;2.0;8;3;5.0;0;0;20.3;68.5;58;2119;-1
2022/05/31;18:58:50;1654023530;2.0;8;3;10.0;0;0;20.3;68.5;58;2110;-1
2022/05/31;19:03:50;1654023830;1.0;4;1;1.0;0;0;20.2;68.4;58;2100;-1
2022/05/31;19:08:50;1654024130;1.0;4;1;1.0;0;0;20.2;68.4;58;2094;-1
2022/05/31;19:13:50;1654024430;2.0;8;3;5.0;0;0;20.2;68.3;58;2082;-1
2022/05/31;19:18:50;1654024730;2.0;8;3;2.0;0;0;20.1;68.3;58;2073;-1
2022/05/31;19:23:50;1654025030;1.0;4;1;1.0;0;0;20.1;68.3;58;2060;-1
2022/05/31;19:28:50;1654025330;1.0;4;1;4.0;0;0;20.1;68.2;58;2046;-1
2022/05/31;19:33:50;1654025630;2.0;8;3;2.0;0;0;20.1;68.2;58;2030;-1
2022/05/31;19:38:50;1654025930;2.0;8;3;5.0;0;0;20.1;68.2;58;2019;-1
2022/05/31;19:43:50;1654026230;2.0;8;3;5.0;0;0;20.1;68.2;58;2005;-1
2022/05/31;19:48:50;1654026530;1.0;4;1;1.0;0;0;20.1;68.2;58;1988;-1
2022/05/31;19:53:50;1654026830;2.0;8;3;2.0;0;0;20.1;68.2;58;1978;-1
2022/05/31;19:58:50;1654027130;2.0;8;3;2.0;0;0;20.1;68.2;58;1964;-1
2022/05/31;20:03:50;1654027430;2.0;8;3;2.0;0;0;20.1;68.2;58;1942;-1
2022/05/31;20:08:50;1654027730;1.0;4;1;1.0;0;0;20.1;68.2;58;1929;-1
2022/05/31;20:13:50;1654028030;1.0;4;1;1.0;0;0;20.1;68.2;58;1918;-1
2022/05/31;20:18:50;1654028330;1.0;4;1;1.0;0;0;20.1;68.2;58;1896;-1
2022/05/31;20:23:50;1654028630;1.0;4;1;4.0;0;0;20.1;68.2;58;1886;-1
2022/05/31;20:28:50;1654028930;2.0;8;3;2.0;0;0;20.1;68.1;58;1871;-1
2022/05/31;20:33:50;1654029230;1.0;4;1;4.0;0;0;20.0;68.1;58;1858;-1
2022/05/31;20:38:50;1654029530;2.0;8;3;2.0;0;0;20.0;68.1;58;1845;-1
2022/05/31;20:43:50;1654029830;1.0;4;1;1.0;0;0;20.0;68.0;58;1826;-1
2022/05/31;20:48:50;1654030130;1.0;4;1;1.0;0;0;20.0;68.0;58;1814;-1
2022/05/31;20:53:50;1654030430;1.0;4;1;1.0;0;0;20.0;67.9;58;1804;-1
2022/05/31;20:58:50;1654030730;2.0;8;3;2.0;0;0;19.9;67.9;58;1786;-1
2022/05/31;21:15:30;1654031730;1.0;4;1;9.0;0;0;19.8;67.6;58;1748;-1
2022/05/31;21:30:30;1654032630;1.0;4;1;4.0;0;0;19.7;67.5;58;1707;-1
2022/05/31;21:45:30;1654033530;1.0;4;1;4.0;0;0;19.6;67.3;58;1676;-1
2022/05/31;22:00:30;1654034430;2.0;8;3;5.0;0;0;19.5;67.2;58;1639;-1
2022/05/31;22:15:30;1654035330;1.0;4;1;1.0;0;0;19.5;67.0;58;1603;-1
2022/05/31;22:30:30;1654036230;1.0;4;1;9.0;0;0;19.4;67.0;58;1563;-1
2022/05/31;22:45:30;1654037130;1.0;4;1;1.0;0;0;19.4;66.9;58;1525;-1
2022/05/31;23:00:30;1654038030;1.0;4;1;1.0;0;0;19.3;66.8;58;1497;-1
2022/05/31;23:15:30;1654038930;1.0;4;1;1.0;0;0;19.3;66.8;58;1458;-1
2022/05/31;23:30:30;1654039830;1.0;4;1;9.0;0;0;19.3;66.7;58;1417;-1
2022/05/31;23:45:30;1654040730;1.0;4;1;4.0;0;0;19.2;66.6;58;1390;-1
