Date;Time;Timestamp;PM2_5(ug/m3);AQI(US);AQI(CN);PM10(ug/m3);Outdoor AQI(US);Outdoor AQI(CN);Temperature(C);Temperature(F);Humidity(%RH);CO2(ppm);VOC(ppb)
2022/08/03;10:31:11;1659522671;2.0;8;3;2.0;0;0;23.0;73.3;63;714;-1
2022/08/03;10:31:21;1659522681;3.0;13;4;3.0;0;0;23.0;73.3;63;705;-1
2022/08/03;10:31:31;1659522691;3.0;13;4;3.0;0;0;23.0;73.4;63;693;-1
2022/08/03;10:31:41;1659522701;3.0;13;4;9.0;0;0;23.0;73.4;63;681;-1
2022/08/03;10:31:51;1659522711;3.0;13;4;12.0;0;0;23.0;73.4;63;694;-1
2022/08/03;10:32:01;1659522721;3.0;13;4;12.0;0;0;23.1;73.5;66;693;-1
2022/08/03;10:32:11;1659522731;4.0;17;6;17.0;0;0;23.1;73.5;66;690;-1
2022/08/03;10:32:21;1659522741;4.0;17;6;13.0;0;0;23.1;73.5;66;690;-1
2022/08/03;10:32:31;1659522751;4.0;17;6;13.0;0;0;23.5;74.2;66;689;-1
2022/08/03;10:32:41;1659522761;4.0;17;6;20.0;0;0;23.5;74.2;66;688;-1
2022/08/03;10:32:51;1659522771;4.0;17;6;17.0;0;0;23.5;74.2;66;687;-1
2022/08/03;10:33:01;1659522781;4.0;17;6;17.0;0;0;23.7;74.7;64;686;-1
2022/08/03;10:33:11;1659522791;3.0;13;4;16.0;0;0;23.7;74.7;64;686;-1
2022/08/03;10:33:21;1659522801;3.0;13;4;9.0;0;0;23.7;74.7;64;684;-1
2022/08/03;10:33:31;1659522811;3.0;13;4;9.0;0;0;23.8;74.8;63;683;-1
2022/08/03;10:33:41;1659522821;3.0;13;4;5.0;0;0;23.8;74.8;63;683;-1
2022/08/03;10:33:51;1659522831;3.0;13;4;5.0;0;0;23.8;74.8;63;681;-1
2022/08/03;10:34:01;1659522841;3.0;13;4;3.0;0;0;23.8;74.9;63;676;-1
2022/08/03;10:34:11;1659522851;3.0;13;4;3.0;0;0;23.8;74.9;63;674;-1
2022/08/03;10:34:21;1659522861;3.0;13;4;3.0;0;0;23.8;74.9;63;672;-1
2022/08/03;10:34:31;1659522871;2.0;8;3;4.0;0;0;23.8;74.8;63;671;-1
2022/08/03;10:34:41;1659522881;3.0;13;4;9.0;0;0;23.8;74.8;63;670;-1
2022/08/03;10:34:51;1659522891;3.0;13;4;19.0;0;0;23.8;74.8;63;669;-1
2022/08/03;10:35:01;1659522901;4.0;17;6;17.0;0;0;23.7;74.7;63;666;-1
2022/08/03;10:35:11;1659522911;3.0;13;4;9.0;0;0;23.7;74.7;63;664;-1
2022/08/03;10:35:21;1659522921;3.0;13;4;3.0;0;0;23.7;74.7;63;661;-1
2022/08/03;10:35:31;1659522931;3.0;13;4;12.0;0;0;23.7;74.7;63;661;-1
2022/08/03;10:35:41;1659522941;3.0;13;4;12.0;0;0;23.7;74.7;63;659;-1
2022/08/03;10:35:51;1659522951;4.0;17;6;10.0;0;0;23.7;74.7;63;659;-1
2022/08/03;10:36:01;1659522961;4.0;17;6;4.0;0;0;23.7;74.7;63;659;-1
2022/08/03;10:36:11;1659522971;4.0;17;6;6.0;0;0;23.7;74.7;63;658;-1
2022/08/03;10:36:21;1659522981;5.0;21;7;7.0;0;0;23.7;74.7;63;657;-1
2022/08/03;10:36:31;1659522991;4.0;17;6;10.0;0;0;23.7;74.7;63;657;-1
2022/08/03;10:36:41;1659523001;4.0;17;6;6.0;0;0;23.7;74.7;63;658;-1
2022/08/03;10:36:51;1659523011;3.0;13;4;9.0;0;0;23.7;74.7;63;658;-1
2022/08/03;10:37:01;1659523021;3.0;13;4;9.0;0;0;23.7;74.7;63;657;-1
2022/08/03;10:37:11;1659523031;4.0;17;6;10.0;0;0;23.7;74.7;63;658;-1
2022/08/03;10:37:21;1659523041;4.0;17;6;6.0;0;0;23.7;74.7;63;657;-1
2022/08/03;10:37:31;1659523051;4.0;17;6;4.0;0;0;23.7;74.7;63;657;-1
2022/08/03;10:37:41;1659523061;4.0;17;6;4.0;0;0;23.7;74.7;63;657;-1
2022/08/03;10:37:51;1659523071;4.0;17;6;4.0;0;0;23.7;74.7;63;657;-1
2022/08/03;10:38:01;1659523081;4.0;17;6;4.0;0;0;23.7;74.7;63;656;-1
2022/08/03;10:38:11;1659523091;4.0;17;6;4.0;0;0;23.7;74.7;63;656;-1
2022/08/03;10:38:21;1659523101;4.0;17;6;6.0;0;0;23.7;74.7;63;656;-1
2022/08/03;10:38:31;1659523111;4.0;17;6;10.0;0;0;23.8;74.8;63;655;-1
2022/08/03;10:38:41;1659523121;3.0;13;4;12.0;0;0;23.8;74.8;63;656;-1
2022/08/03;10:38:51;1659523131;3.0;13;4;12.0;0;0;23.8;74.8;63;655;-1
2022/08/03;10:39:01;1659523141;3.0;13;4;5.0;0;0;23.8;74.8;63;655;-1
2022/08/03;10:39:11;1659523151;3.0;13;4;3.0;0;0;23.8;74.8;63;654;-1
2022/08/03;10:39:21;1659523161;2.0;8;3;2.0;0;0;23.8;74.8;63;654;-1
2022/08/03;10:39:31;1659523171;2.0;8;3;2.0;0;0;23.8;74.9;63;654;-1
2022/08/03;10:39:41;1659523181;3.0;13;4;3.0;0;0;23.8;74.9;63;654;-1
2022/08/03;10:39:51;1659523191;3.0;13;4;3.0;0;0;23.8;74.9;63;654;-1
2022/08/03;10:40:01;1659523201;3.0;13;4;5.0;0;0;23.8;74.9;63;654;-1
2022/08/03;10:40:11;1659523211;3.0;13;4;12.0;0;0;23.8;74.9;63;654;-1
2022/08/03;10:40:21;1659523221;4.0;17;6;13.0;0;0;23.8;74.9;63;653;-1
2022/08/03;10:40:31;1659523231;4.0;17;6;6.0;0;0;23.9;75.0;63;654;-1
2022/08/03;10:40:41;1659523241;4.0;17;6;4.0;0;0;23.9;75.0;63;653;-1
2022/08/03;10:40:51;1659523251;4.0;17;6;4.0;0;0;23.9;75.0;63;654;-1
2022/08/03;10:41:01;1659523261;4.0;17;6;4.0;0;0;23.9;75.0;63;654;-1
2022/08/03;10:41:11;1659523271;4.0;17;6;4.0;0;0;23.9;75.0;63;655;-1
2022/08/03;10:41:21;1659523281;4.0;17;6;6.0;0;0;23.9;75.0;63;654;-1
2022/08/03;10:41:31;1659523291;4.0;17;6;10.0;0;0;23.9;75.1;63;656;-1
2022/08/03;10:41:41;1659523301;4.0;17;6;7.0;0;0;23.9;75.1;63;657;-1
2022/08/03;10:41:51;1659523311;4.0;17;6;7.0;0;0;23.9;75.1;63;657;-1
2022/08/03;10:42:01;1659523321;4.0;17;6;4.0;0;0;24.0;75.2;63;657;-1
2022/08/03;10:42:11;1659523331;4.0;17;6;11.0;0;0;24.0;75.2;63;656;-1
2022/08/03;10:42:21;1659523341;4.0;17;6;11.0;0;0;24.0;75.2;63;656;-1
2022/08/03;10:42:31;1659523351;4.0;17;6;11.0;0;0;24.0;75.2;62;655;-1
2022/08/03;10:42:41;1659523361;3.0;13;4;3.0;0;0;24.0;75.2;62;655;-1
2022/08/03;10:42:51;1659523371;3.0;13;4;3.0;0;0;24.0;75.2;62;655;-1
2022/08/03;10:43:01;1659523381;3.0;13;4;3.0;0;0;24.0;75.3;62;656;-1
2022/08/03;10:43:11;1659523391;3.0;13;4;6.0;0;0;24.0;75.3;62;656;-1
2022/08/03;10:43:21;1659523401;2.0;8;3;9.0;0;0;24.0;75.3;62;656;-1
2022/08/03;10:43:31;1659523411;3.0;13;4;17.0;0;0;24.1;75.4;62;656;-1
2022/08/03;10:43:41;1659523421;3.0;13;4;13.0;0;0;24.1;75.4;62;655;-1
2022/08/03;10:43:51;1659523431;3.0;13;4;10.0;0;0;24.1;75.4;62;655;-1
2022/08/03;10:44:01;1659523441;3.0;13;4;3.0;0;0;24.1;75.4;62;656;-1
2022/08/03;10:44:11;1659523451;3.0;13;4;3.0;0;0;24.1;75.4;62;656;-1
2022/08/03;10:44:21;1659523461;3.0;13;4;3.0;0;0;24.1;75.4;62;655;-1
2022/08/03;10:44:31;1659523471;3.0;13;4;3.0;0;0;24.2;75.5;62;655;-1
2022/08/03;10:44:41;1659523481;3.0;13;4;3.0;0;0;24.2;75.5;62;655;-1
2022/08/03;10:44:51;1659523491;2.0;8;3;5.0;0;0;24.2;75.5;62;655;-1
2022/08/03;10:45:01;1659523501;3.0;13;4;6.0;0;0;24.2;75.6;62;656;-1
2022/08/03;10:45:11;1659523511;3.0;13;4;3.0;0;0;24.2;75.6;62;656;-1
2022/08/03;10:45:21;1659523521;3.0;13;4;6.0;0;0;24.2;75.6;62;655;-1
2022/08/03;10:45:31;1659523531;4.0;17;6;14.0;0;0;24.2;75.6;62;655;-1
2022/08/03;10:45:41;1659523541;4.0;17;6;18.0;0;0;24.2;75.6;62;656;-1
2022/08/03;10:45:51;1659523551;4.0;17;6;11.0;0;0;24.2;75.6;62;656;-1
2022/08/03;10:46:01;1659523561;4.0;17;6;7.0;0;0;24.3;75.7;62;656;-1
2022/08/03;10:46:11;1659523571;4.0;17;6;4.0;0;0;24.3;75.7;62;656;-1
2022/08/03;10:46:21;1659523581;4.0;17;6;4.0;0;0;24.3;75.7;62;656;-1
2022/08/03;10:46:31;1659523591;3.0;13;4;3.0;0;0;24.3;75.8;61;656;-1
2022/08/03;10:46:41;1659523601;3.0;13;4;6.0;0;0;24.3;75.8;61;656;-1
2022/08/03;10:46:51;1659523611;4.0;17;6;4.0;0;0;24.3;75.8;61;658;-1
2022/08/03;10:47:01;1659523621;4.0;17;6;4.0;0;0;24.4;75.9;61;658;-1
2022/08/03;10:47:11;1659523631;3.0;13;4;3.0;0;0;24.4;75.9;61;659;-1
2022/08/03;10:47:21;1659523641;2.0;8;3;2.0;0;0;24.4;75.9;61;660;-1
2022/08/03;10:47:31;1659523651;2.0;8;3;2.0;0;0;24.4;75.9;61;662;-1
2022/08/03;10:47:41;1659523661;3.0;13;4;3.0;0;0;24.4;75.9;61;664;-1
2022/08/03;10:47:51;1659523671;3.0;13;4;3.0;0;0;24.4;75.9;61;663;-1
2022/08/03;10:48:01;1659523681;3.0;13;4;3.0;0;0;24.5;76.0;61;662;-1
2022/08/03;10:48:11;1659523691;3.0;13;4;3.0;0;0;24.5;76.0;61;662;-1
2022/08/03;10:48:21;1659523701;2.0;8;3;5.0;0;0;24.5;76.0;61;662;-1
2022/08/03;10:48:31;1659523711;2.0;8;3;12.0;0;0;24.5;76.1;61;662;-1
2022/08/03;10:48:41;1659523721;2.0;8;3;12.0;0;0;24.5;76.1;61;662;-1
2022/08/03;10:48:51;1659523731;3.0;13;4;10.0;0;0;24.5;76.1;61;661;-1
2022/08/03;10:49:01;1659523741;3.0;13;4;3.0;0;0;24.5;76.2;61;661;-1
2022/08/03;10:49:11;1659523751;3.0;13;4;6.0;0;0;24.5;76.2;61;661;-1
2022/08/03;10:49:21;1659523761;2.0;8;3;9.0;0;0;24.5;76.2;61;661;-1
2022/08/03;10:49:31;1659523771;2.0;8;3;5.0;0;0;24.6;76.3;61;662;-1
2022/08/03;10:49:41;1659523781;3.0;13;4;13.0;0;0;24.6;76.3;61;662;-1
2022/08/03;10:49:51;1659523791;3.0;13;4;13.0;0;0;24.6;76.3;61;662;-1
2022/08/03;10:50:01;1659523801;2.0;8;3;12.0;0;0;24.6;76.3;60;662;-1
2022/08/03;10:50:11;1659523811;2.0;8;3;9.0;0;0;24.6;76.3;60;662;-1
2022/08/03;10:50:21;1659523821;3.0;13;4;20.0;0;0;24.6;76.3;60;662;-1
2022/08/03;10:50:31;1659523831;3.0;13;4;24.0;0;0;24.7;76.4;60;662;-1
2022/08/03;10:50:41;1659523841;2.0;8;3;16.0;0;0;24.7;76.4;60;662;-1
2022/08/03;10:50:51;1659523851;3.0;13;4;3.0;0;0;24.7;76.4;60;661;-1
2022/08/03;10:51:01;1659523861;3.0;13;4;3.0;0;0;24.7;76.5;60;661;-1
2022/08/03;10:51:11;1659523871;3.0;13;4;3.0;0;0;24.7;76.5;60;661;-1
2022/08/03;10:51:21;1659523881;3.0;13;4;3.0;0;0;24.7;76.5;60;662;-1
2022/08/03;10:51:31;1659523891;3.0;13;4;3.0;0;0;24.7;76.5;60;662;-1
2022/08/03;10:51:41;1659523901;4.0;17;6;7.0;0;0;24.7;76.5;60;662;-1
2022/08/03;10:51:51;1659523911;3.0;13;4;3.0;0;0;24.7;76.5;60;661;-1
2022/08/03;10:52:01;1659523921;3.0;13;4;3.0;0;0;24.8;76.6;60;662;-1
2022/08/03;10:52:11;1659523931;3.0;13;4;3.0;0;0;24.8;76.6;60;662;-1
2022/08/03;10:52:21;1659523941;3.0;13;4;3.0;0;0;24.8;76.6;60;662;-1
2022/08/03;10:52:31;1659523951;3.0;13;4;3.0;0;0;24.8;76.7;60;661;-1
2022/08/03;10:52:41;1659523961;3.0;13;4;3.0;0;0;24.8;76.7;60;660;-1
2022/08/03;10:52:51;1659523971;3.0;13;4;3.0;0;0;24.8;76.7;60;660;-1
2022/08/03;10:53:01;1659523981;3.0;13;4;6.0;0;0;24.8;76.7;59;660;-1
2022/08/03;10:53:11;1659523991;3.0;13;4;6.0;0;0;24.8;76.7;59;661;-1
2022/08/03;10:53:21;1659524001;4.0;17;6;11.0;0;0;24.8;76.7;59;661;-1
2022/08/03;10:53:31;1659524011;4.0;17;6;11.0;0;0;24.9;76.8;59;662;-1
2022/08/03;10:53:41;1659524021;2.0;8;3;12.0;0;0;24.9;76.8;59;661;-1
2022/08/03;10:53:51;1659524031;3.0;13;4;13.0;0;0;24.9;76.8;59;660;-1
2022/08/03;10:54:01;1659524041;3.0;13;4;13.0;0;0;24.9;76.9;59;661;-1
2022/08/03;10:54:11;1659524051;4.0;17;6;14.0;0;0;24.9;76.9;59;660;-1
2022/08/03;10:54:21;1659524061;4.0;17;6;14.0;0;0;24.9;76.9;59;662;-1
2022/08/03;10:54:31;1659524071;4.0;17;6;7.0;0;0;25.0;76.9;59;661;-1
2022/08/03;10:54:41;1659524081;3.0;13;4;3.0;0;0;25.0;76.9;59;661;-1
2022/08/03;10:54:51;1659524091;3.0;13;4;6.0;0;0;25.0;76.9;59;661;-1
2022/08/03;10:55:01;1659524101;3.0;13;4;6.0;0;0;25.0;77.0;59;661;-1
2022/08/03;10:55:11;1659524111;4.0;17;6;4.0;0;0;25.0;77.0;59;660;-1
2022/08/03;10:55:21;1659524121;4.0;17;6;4.0;0;0;25.0;77.0;59;660;-1
2022/08/03;10:55:31;1659524131;4.0;17;6;4.0;0;0;25.0;77.1;59;660;-1
2022/08/03;10:55:41;1659524141;4.0;17;6;7.0;0;0;25.0;77.1;59;660;-1
2022/08/03;10:55:51;1659524151;3.0;13;4;13.0;0;0;25.0;77.1;59;660;-1
2022/08/03;10:56:01;1659524161;2.0;8;3;9.0;0;0;25.1;77.1;59;660;-1
2022/08/03;10:56:11;1659524171;2.0;8;3;5.0;0;0;25.1;77.1;59;660;-1
2022/08/03;10:56:21;1659524181;2.0;8;3;2.0;0;0;25.1;77.1;59;659;-1
2022/08/03;10:56:31;1659524191;2.0;8;3;2.0;0;0;25.1;77.2;59;658;-1
2022/08/03;10:56:41;1659524201;2.0;8;3;5.0;0;0;25.1;77.2;59;658;-1
2022/08/03;10:56:51;1659524211;2.0;8;3;5.0;0;0;25.1;77.2;59;658;-1
2022/08/03;10:57:01;1659524221;3.0;13;4;10.0;0;0;25.1;77.2;58;658;-1
2022/08/03;10:57:11;1659524231;3.0;13;4;13.0;0;0;25.1;77.2;58;657;-1
2022/08/03;10:57:21;1659524241;3.0;13;4;10.0;0;0;25.1;77.2;58;656;-1
2022/08/03;10:57:31;1659524251;3.0;13;4;6.0;0;0;25.2;77.3;58;655;-1
2022/08/03;10:57:41;1659524261;3.0;13;4;3.0;0;0;25.2;77.3;58;654;-1
2022/08/03;10:57:51;1659524271;3.0;13;4;6.0;0;0;25.2;77.3;58;654;-1
2022/08/03;10:58:01;1659524281;3.0;13;4;10.0;0;0;25.2;77.3;58;654;-1
2022/08/03;10:58:11;1659524291;3.0;13;4;6.0;0;0;25.2;77.3;58;653;-1
2022/08/03;10:58:21;1659524301;3.0;13;4;10.0;0;0;25.2;77.3;58;651;-1
2022/08/03;10:58:31;1659524311;2.0;8;3;12.0;0;0;25.2;77.4;58;651;-1
2022/08/03;10:58:41;1659524321;3.0;13;4;13.0;0;0;25.2;77.4;58;649;-1
2022/08/03;10:58:51;1659524331;3.0;13;4;6.0;0;0;25.2;77.4;58;648;-1
2022/08/03;10:59:01;1659524341;3.0;13;4;3.0;0;0;25.2;77.4;58;646;-1
2022/08/03;10:59:11;1659524351;4.0;17;6;4.0;0;0;25.2;77.4;58;646;-1
2022/08/03;10:59:21;1659524361;4.0;17;6;4.0;0;0;25.2;77.4;58;646;-1
2022/08/03;10:59:31;1659524371;4.0;17;6;11.0;0;0;25.2;77.4;58;645;-1
2022/08/03;10:59:41;1659524381;4.0;17;6;14.0;0;0;25.2;77.4;58;645;-1
2022/08/03;10:59:51;1659524391;3.0;13;4;24.0;0;0;25.2;77.4;58;645;-1
2022/08/03;11:00:01;1659524401;3.0;13;4;20.0;0;0;25.2;77.4;58;646;-1
2022/08/03;11:00:11;1659524411;3.0;13;4;20.0;0;0;25.2;77.4;58;645;-1
2022/08/03;11:00:21;1659524421;3.0;13;4;20.0;0;0;25.2;77.4;58;644;-1
2022/08/03;11:00:31;1659524431;3.0;13;4;20.0;0;0;25.3;77.5;58;646;-1
2022/08/03;11:00:41;1659524441;3.0;13;4;24.0;0;0;25.3;77.5;58;645;-1
2022/08/03;11:00:51;1659524451;4.0;17;6;14.0;0;0;25.3;77.5;58;645;-1
2022/08/03;11:01:01;1659524461;3.0;13;4;10.0;0;0;25.3;77.6;58;644;-1
2022/08/03;11:01:11;1659524471;3.0;13;4;13.0;0;0;25.3;77.6;58;645;-1
2022/08/03;11:01:21;1659524481;2.0;8;3;23.0;0;0;25.3;77.6;58;645;-1
2022/08/03;11:01:31;1659524491;3.0;13;4;32.0;0;0;25.3;77.6;57;645;-1
2022/08/03;11:01:41;1659524501;3.0;13;4;28.0;0;0;25.3;77.6;57;646;-1
2022/08/03;11:01:51;1659524511;3.0;13;4;17.0;0;0;25.3;77.6;57;645;-1
2022/08/03;11:02:01;1659524521;2.0;8;3;16.0;0;0;25.4;77.7;57;645;-1
2022/08/03;11:02:11;1659524531;3.0;13;4;20.0;0;0;25.4;77.7;57;645;-1
2022/08/03;11:02:21;1659524541;4.0;17;6;18.0;0;0;25.4;77.7;57;645;-1
2022/08/03;11:02:31;1659524551;5.0;21;7;15.0;0;0;25.4;77.6;57;645;-1
2022/08/03;11:02:41;1659524561;4.0;17;6;4.0;0;0;25.4;77.6;57;645;-1
2022/08/03;11:02:51;1659524571;3.0;13;4;6.0;0;0;25.4;77.6;57;645;-1
2022/08/03;11:03:01;1659524581;3.0;13;4;6.0;0;0;25.3;77.6;57;646;-1
2022/08/03;11:03:11;1659524591;3.0;13;4;10.0;0;0;25.3;77.6;57;647;-1
2022/08/03;11:03:21;1659524601;3.0;13;4;13.0;0;0;25.3;77.6;57;647;-1
2022/08/03;11:03:31;1659524611;3.0;13;4;13.0;0;0;25.3;77.5;57;647;-1
2022/08/03;11:03:41;1659524621;3.0;13;4;10.0;0;0;25.3;77.5;57;646;-1
2022/08/03;11:03:51;1659524631;3.0;13;4;3.0;0;0;25.3;77.5;57;646;-1
2022/08/03;11:04:01;1659524641;3.0;13;4;3.0;0;0;25.2;77.4;58;646;-1
2022/08/03;11:04:11;1659524651;3.0;13;4;3.0;0;0;25.2;77.4;58;648;-1
2022/08/03;11:04:21;1659524661;3.0;13;4;3.0;0;0;25.2;77.4;58;648;-1
2022/08/03;11:04:31;1659524671;3.0;13;4;3.0;0;0;25.2;77.3;58;648;-1
2022/08/03;11:04:41;1659524681;3.0;13;4;6.0;0;0;25.2;77.3;58;649;-1
2022/08/03;11:04:51;1659524691;3.0;13;4;6.0;0;0;25.2;77.3;58;648;-1
2022/08/03;11:05:01;1659524701;3.0;13;4;10.0;0;0;25.1;77.2;58;649;-1
2022/08/03;11:05:11;1659524711;3.0;13;4;10.0;0;0;25.1;77.2;58;649;-1
2022/08/03;11:05:21;1659524721;3.0;13;4;13.0;0;0;25.1;77.2;58;649;-1
2022/08/03;11:05:31;1659524731;3.0;13;4;17.0;0;0;25.0;77.1;58;650;-1
2022/08/03;11:05:41;1659524741;4.0;17;6;11.0;0;0;25.0;77.1;58;650;-1
2022/08/03;11:05:51;1659524751;3.0;13;4;10.0;0;0;25.0;77.1;58;652;-1
2022/08/03;11:06:01;1659524761;3.0;13;4;3.0;0;0;25.0;77.0;58;654;-1
2022/08/03;11:06:11;1659524771;4.0;17;6;7.0;0;0;25.0;77.0;58;654;-1
2022/08/03;11:06:21;1659524781;3.0;13;4;3.0;0;0;25.0;77.0;58;653;-1
2022/08/03;11:06:31;1659524791;3.0;13;4;3.0;0;0;25.0;76.9;58;653;-1
2022/08/03;11:06:41;1659524801;3.0;13;4;10.0;0;0;25.0;76.9;58;653;-1
2022/08/03;11:06:51;1659524811;4.0;17;6;18.0;0;0;25.0;76.9;58;653;-1
2022/08/03;11:07:01;1659524821;3.0;13;4;17.0;0;0;24.9;76.9;59;652;-1
2022/08/03;11:07:11;1659524831;4.0;17;6;11.0;0;0;24.9;76.9;59;653;-1
2022/08/03;11:07:21;1659524841;3.0;13;4;6.0;0;0;24.9;76.9;59;654;-1
2022/08/03;11:07:31;1659524851;4.0;17;6;7.0;0;0;24.9;76.8;59;654;-1
2022/08/03;11:07:41;1659524861;3.0;13;4;3.0;0;0;24.9;76.8;59;655;-1
2022/08/03;11:07:51;1659524871;4.0;17;6;11.0;0;0;24.9;76.8;59;655;-1
2022/08/03;11:08:01;1659524881;3.0;13;4;13.0;0;0;24.9;76.8;59;656;-1
2022/08/03;11:08:11;1659524891;3.0;13;4;25.0;0;0;24.9;76.8;59;657;-1
2022/08/03;11:08:21;1659524901;3.0;13;4;20.0;0;0;24.9;76.8;59;657;-1
2022/08/03;11:08:31;1659524911;4.0;17;6;26.0;0;0;24.9;76.7;59;660;-1
2022/08/03;11:08:41;1659524921;5.0;21;7;23.0;0;0;24.9;76.7;59;662;-1
2022/08/03;11:08:51;1659524931;5.0;21;7;23.0;0;0;24.9;76.7;59;662;-1
2022/08/03;11:09:01;1659524941;5.0;21;7;19.0;0;0;24.8;76.7;59;662;-1
2022/08/03;11:09:11;1659524951;4.0;17;6;22.0;0;0;24.8;76.7;59;664;-1
2022/08/03;11:09:21;1659524961;4.0;17;6;22.0;0;0;24.8;76.7;59;666;-1
2022/08/03;11:09:31;1659524971;4.0;17;6;30.0;0;0;24.8;76.6;59;667;-1
2022/08/03;11:09:41;1659524981;4.0;17;6;30.0;0;0;24.8;76.6;59;668;-1
2022/08/03;11:09:51;1659524991;4.0;17;6;26.0;0;0;24.8;76.6;59;668;-1
2022/08/03;11:10:01;1659525001;4.0;17;6;18.0;0;0;24.8;76.6;59;667;-1
2022/08/03;11:10:11;1659525011;3.0;13;4;6.0;0;0;24.8;76.6;59;667;-1
2022/08/03;11:10:21;1659525021;3.0;13;4;10.0;0;0;24.8;76.6;59;668;-1
2022/08/03;11:10:31;1659525031;3.0;13;4;13.0;0;0;24.8;76.6;59;668;-1
2022/08/03;11:10:41;1659525041;4.0;17;6;18.0;0;0;24.8;76.6;59;669;-1
2022/08/03;11:10:51;1659525051;5.0;21;7;19.0;0;0;24.8;76.6;59;669;-1
2022/08/03;11:11:01;1659525061;5.0;21;7;23.0;0;0;24.8;76.6;59;669;-1
2022/08/03;11:11:11;1659525071;4.0;17;6;30.0;0;0;24.8;76.6;59;669;-1
2022/08/03;11:11:21;1659525081;3.0;13;4;20.0;0;0;24.8;76.6;59;669;-1
2022/08/03;11:11:31;1659525091;3.0;13;4;17.0;0;0;24.7;76.5;59;669;-1
2022/08/03;11:11:41;1659525101;3.0;13;4;25.0;0;0;24.7;76.5;59;670;-1
2022/08/03;11:11:51;1659525111;4.0;17;6;26.0;0;0;24.7;76.5;59;673;-1
2022/08/03;11:12:01;1659525121;4.0;17;6;45.0;0;0;24.7;76.5;59;673;-1
2022/08/03;11:12:11;1659525131;6.0;25;9;35.0;0;0;24.7;76.5;59;673;-1
2022/08/03;11:12:21;1659525141;5.0;21;7;34.0;0;0;24.7;76.5;59;673;-1
2022/08/03;11:12:31;1659525151;5.0;21;7;23.0;0;0;24.7;76.5;59;674;-1
2022/08/03;11:12:41;1659525161;5.0;21;7;20.0;0;0;24.7;76.5;59;674;-1
2022/08/03;11:12:51;1659525171;4.0;17;6;37.0;0;0;24.7;76.5;59;674;-1
2022/08/03;11:13:01;1659525181;4.0;17;6;33.0;0;0;24.7;76.5;59;674;-1
2022/08/03;11:13:11;1659525191;3.0;13;4;29.0;0;0;24.7;76.5;59;675;-1
2022/08/03;11:13:21;1659525201;4.0;17;6;22.0;0;0;24.7;76.5;59;678;-1
2022/08/03;11:13:31;1659525211;4.0;17;6;30.0;0;0;24.7;76.5;59;679;-1
2022/08/03;11:13:41;1659525221;4.0;17;6;26.0;0;0;24.7;76.5;59;680;-1
2022/08/03;11:13:51;1659525231;3.0;13;4;25.0;0;0;24.7;76.5;59;680;-1
2022/08/03;11:14:01;1659525241;4.0;17;6;7.0;0;0;24.7;76.4;59;680;-1
2022/08/03;11:14:11;1659525251;4.0;17;6;18.0;0;0;24.7;76.4;59;680;-1
2022/08/03;11:14:21;1659525261;5.0;21;7;20.0;0;0;24.7;76.4;59;681;-1
2022/08/03;11:14:31;1659525271;5.0;21;7;20.0;0;0;24.7;76.4;59;681;-1
2022/08/03;11:14:41;1659525281;5.0;21;7;20.0;0;0;24.7;76.4;59;681;-1
2022/08/03;11:14:51;1659525291;6.0;25;9;32.0;0;0;24.7;76.4;59;681;-1
2022/08/03;11:15:01;1659525301;6.0;25;9;40.0;0;0;24.7;76.4;59;683;-1
2022/08/03;11:15:11;1659525311;6.0;25;9;35.0;0;0;24.7;76.4;59;683;-1
2022/08/03;11:15:21;1659525321;5.0;21;7;27.0;0;0;24.7;76.4;59;682;-1
2022/08/03;11:15:31;1659525331;4.0;17;6;18.0;0;0;24.7;76.4;59;682;-1
2022/08/03;11:15:41;1659525341;3.0;13;4;17.0;0;0;24.7;76.4;59;682;-1
2022/08/03;11:15:51;1659525351;4.0;17;6;26.0;0;0;24.7;76.4;59;682;-1
2022/08/03;11:16:01;1659525361;5.0;21;7;27.0;0;0;24.7;76.4;59;682;-1
2022/08/03;11:16:11;1659525371;5.0;21;7;20.0;0;0;24.7;76.4;59;682;-1
2022/08/03;11:16:21;1659525381;4.0;17;6;4.0;0;0;24.7;76.4;59;682;-1
2022/08/03;11:16:31;1659525391;4.0;17;6;4.0;0;0;24.7;76.4;59;682;-1
2022/08/03;11:16:41;1659525401;3.0;13;4;10.0;0;0;24.7;76.4;59;681;-1
2022/08/03;11:16:51;1659525411;3.0;13;4;25.0;0;0;24.7;76.4;59;680;-1
2022/08/03;11:17:01;1659525421;3.0;13;4;29.0;0;0;24.6;76.3;59;680;-1
2022/08/03;11:17:11;1659525431;3.0;13;4;25.0;0;0;24.6;76.3;59;680;-1
2022/08/03;11:17:21;1659525441;4.0;17;6;14.0;0;0;24.6;76.3;59;679;-1
2022/08/03;11:17:31;1659525451;4.0;17;6;7.0;0;0;24.6;76.4;59;678;-1
2022/08/03;11:17:41;1659525461;3.0;13;4;6.0;0;0;24.6;76.4;59;678;-1
2022/08/03;11:17:51;1659525471;4.0;17;6;22.0;0;0;24.6;76.4;59;678;-1
2022/08/03;11:18:01;1659525481;4.0;17;6;30.0;0;0;24.6;76.4;59;677;-1
2022/08/03;11:18:11;1659525491;4.0;17;6;26.0;0;0;24.6;76.4;59;677;-1
2022/08/03;11:18:21;1659525501;4.0;17;6;14.0;0;0;24.6;76.4;59;678;-1
2022/08/03;11:18:31;1659525511;4.0;17;6;7.0;0;0;24.6;76.3;59;677;-1
2022/08/03;11:18:41;1659525521;4.0;17;6;7.0;0;0;24.6;76.3;59;676;-1
2022/08/03;11:18:51;1659525531;4.0;17;6;7.0;0;0;24.6;76.3;59;676;-1
2022/08/03;11:19:01;1659525541;4.0;17;6;14.0;0;0;24.6;76.3;59;677;-1
2022/08/03;11:19:11;1659525551;4.0;17;6;26.0;0;0;24.6;76.3;59;677;-1
2022/08/03;11:19:21;1659525561;4.0;17;6;22.0;0;0;24.6;76.3;59;677;-1
2022/08/03;11:19:31;1659525571;4.0;17;6;22.0;0;0;24.6;76.3;59;676;-1
2022/08/03;11:19:41;1659525581;4.0;17;6;14.0;0;0;24.6;76.3;59;674;-1
2022/08/03;11:19:51;1659525591;4.0;17;6;26.0;0;0;24.6;76.3;59;673;-1
2022/08/03;11:20:01;1659525601;5.0;21;7;34.0;0;0;24.6;76.3;59;672;-1
2022/08/03;11:20:11;1659525611;4.0;17;6;30.0;0;0;24.6;76.3;59;672;-1
2022/08/03;11:20:21;1659525621;4.0;17;6;14.0;0;0;24.6;76.3;59;672;-1
2022/08/03;11:20:31;1659525631;4.0;17;6;7.0;0;0;24.6;76.3;59;670;-1
2022/08/03;11:20:41;1659525641;5.0;21;7;12.0;0;0;24.6;76.3;59;670;-1
2022/08/03;11:20:51;1659525651;5.0;21;7;15.0;0;0;24.6;76.3;59;670;-1
2022/08/03;11:21:01;1659525661;4.0;17;6;11.0;0;0;24.6;76.3;59;669;-1
2022/08/03;11:21:11;1659525671;4.0;17;6;11.0;0;0;24.6;76.3;59;669;-1
2022/08/03;11:21:21;1659525681;4.0;17;6;11.0;0;0;24.6;76.3;59;667;-1
2022/08/03;11:21:31;1659525691;4.0;17;6;11.0;0;0;24.6;76.3;59;666;-1
2022/08/03;11:21:41;1659525701;4.0;17;6;11.0;0;0;24.6;76.3;59;664;-1
2022/08/03;11:21:51;1659525711;4.0;17;6;11.0;0;0;24.6;76.3;59;662;-1
2022/08/03;11:22:01;1659525721;6.0;25;9;13.0;0;0;24.6;76.3;59;661;-1
2022/08/03;11:22:11;1659525731;5.0;21;7;20.0;0;0;24.6;76.3;59;661;-1
2022/08/03;11:22:21;1659525741;4.0;17;6;22.0;0;0;24.6;76.3;59;660;-1
2022/08/03;11:22:31;1659525751;3.0;13;4;29.0;0;0;24.6;76.3;59;660;-1
2022/08/03;11:22:41;1659525761;3.0;13;4;21.0;0;0;24.6;76.3;59;659;-1
2022/08/03;11:22:51;1659525771;3.0;13;4;13.0;0;0;24.6;76.3;59;659;-1
2022/08/03;11:23:01;1659525781;3.0;13;4;6.0;0;0;24.6;76.3;58;659;-1
2022/08/03;11:23:11;1659525791;3.0;13;4;6.0;0;0;24.6;76.3;58;659;-1
2022/08/03;11:23:21;1659525801;3.0;13;4;13.0;0;0;24.6;76.3;58;658;-1
2022/08/03;11:23:31;1659525811;3.0;13;4;17.0;0;0;24.6;76.3;58;657;-1
2022/08/03;11:23:41;1659525821;3.0;13;4;13.0;0;0;24.6;76.3;58;655;-1
2022/08/03;11:23:51;1659525831;4.0;17;6;19.0;0;0;24.6;76.3;58;655;-1
2022/08/03;11:24:01;1659525841;4.0;17;6;14.0;0;0;24.6;76.3;59;654;-1
2022/08/03;11:24:11;1659525851;3.0;13;4;17.0;0;0;24.6;76.3;59;653;-1
2022/08/03;11:24:21;1659525861;3.0;13;4;10.0;0;0;24.6;76.3;59;652;-1
2022/08/03;11:24:31;1659525871;2.0;8;3;12.0;0;0;24.6;76.3;59;652;-1
2022/08/03;11:24:41;1659525881;3.0;13;4;13.0;0;0;24.6;76.3;59;651;-1
2022/08/03;11:24:51;1659525891;3.0;13;4;21.0;0;0;24.6;76.3;59;651;-1
2022/08/03;11:25:01;1659525901;3.0;13;4;17.0;0;0;24.6;76.3;58;651;-1
2022/08/03;11:25:11;1659525911;4.0;17;6;22.0;0;0;24.6;76.3;58;650;-1
2022/08/03;11:25:21;1659525921;5.0;21;7;20.0;0;0;24.6;76.3;58;650;-1
2022/08/03;11:25:31;1659525931;3.0;13;4;21.0;0;0;24.6;76.3;58;649;-1
2022/08/03;11:25:41;1659525941;3.0;13;4;13.0;0;0;24.6;76.3;58;649;-1
2022/08/03;11:25:51;1659525951;3.0;13;4;10.0;0;0;24.6;76.3;58;649;-1
2022/08/03;11:26:01;1659525961;3.0;13;4;3.0;0;0;24.6;76.3;58;648;-1
2022/08/03;11:26:11;1659525971;3.0;13;4;3.0;0;0;24.6;76.3;58;648;-1
2022/08/03;11:26:21;1659525981;3.0;13;4;6.0;0;0;24.6;76.3;58;647;-1
2022/08/03;11:26:31;1659525991;4.0;17;6;22.0;0;0;24.6;76.3;58;646;-1
2022/08/03;11:26:41;1659526001;3.0;13;4;25.0;0;0;24.6;76.3;58;646;-1
2022/08/03;11:26:51;1659526011;3.0;13;4;21.0;0;0;24.6;76.3;58;646;-1
2022/08/03;11:27:01;1659526021;3.0;13;4;18.0;0;0;24.6;76.3;58;645;-1
2022/08/03;11:27:11;1659526031;3.0;13;4;13.0;0;0;24.6;76.3;58;643;-1
2022/08/03;11:27:21;1659526041;4.0;17;6;14.0;0;0;24.6;76.3;58;643;-1
2022/08/03;11:27:31;1659526051;3.0;13;4;6.0;0;0;24.6;76.3;59;641;-1
2022/08/03;11:27:41;1659526061;3.0;13;4;18.0;0;0;24.6;76.3;59;640;-1
2022/08/03;11:27:51;1659526071;3.0;13;4;13.0;0;0;24.6;76.3;59;637;-1
2022/08/03;11:28:01;1659526081;3.0;13;4;13.0;0;0;24.6;76.3;58;634;-1
2022/08/03;11:28:11;1659526091;3.0;13;4;3.0;0;0;24.6;76.3;58;635;-1
2022/08/03;11:28:21;1659526101;3.0;13;4;6.0;0;0;24.6;76.3;58;635;-1
2022/08/03;11:28:31;1659526111;3.0;13;4;10.0;0;0;24.6;76.3;58;634;-1
2022/08/03;11:28:41;1659526121;3.0;13;4;10.0;0;0;24.6;76.3;58;633;-1
2022/08/03;11:28:51;1659526131;3.0;13;4;10.0;0;0;24.6;76.3;58;634;-1
2022/08/03;11:29:01;1659526141;4.0;17;6;11.0;0;0;24.6;76.3;58;634;-1
2022/08/03;11:29:11;1659526151;3.0;13;4;10.0;0;0;24.6;76.3;58;634;-1
2022/08/03;11:29:21;1659526161;2.0;8;3;5.0;0;0;24.6;76.3;58;633;-1
2022/08/03;11:29:31;1659526171;3.0;13;4;6.0;0;0;24.6;76.3;58;633;-1
2022/08/03;11:29:41;1659526181;3.0;13;4;6.0;0;0;24.6;76.3;58;632;-1
2022/08/03;11:29:51;1659526191;4.0;17;6;7.0;0;0;24.6;76.3;58;631;-1
2022/08/03;11:30:01;1659526201;4.0;17;6;4.0;0;0;24.6;76.4;58;631;-1
2022/08/03;11:30:11;1659526211;4.0;17;6;4.0;0;0;24.6;76.4;58;630;-1
2022/08/03;11:30:21;1659526221;4.0;17;6;7.0;0;0;24.6;76.4;58;629;-1
2022/08/03;11:30:31;1659526231;3.0;13;4;6.0;0;0;24.6;76.3;58;628;-1
2022/08/03;11:30:41;1659526241;3.0;13;4;3.0;0;0;24.6;76.3;58;628;-1
2022/08/03;11:30:51;1659526251;3.0;13;4;3.0;0;0;24.6;76.3;58;628;-1
2022/08/03;11:31:01;1659526261;3.0;13;4;6.0;0;0;24.6;76.3;58;628;-1
2022/08/03;11:31:11;1659526271;2.0;8;3;5.0;0;0;24.6;76.3;58;627;-1
2022/08/03;11:31:21;1659526281;3.0;13;4;10.0;0;0;24.6;76.3;58;627;-1
2022/08/03;11:31:31;1659526291;4.0;17;6;11.0;0;0;24.6;76.3;58;627;-1
2022/08/03;11:31:41;1659526301;4.0;17;6;11.0;0;0;24.6;76.3;58;626;-1
2022/08/03;11:31:51;1659526311;3.0;13;4;3.0;0;0;24.6;76.3;58;626;-1
2022/08/03;11:32:01;1659526321;2.0;8;3;2.0;0;0;24.6;76.3;58;626;-1
2022/08/03;11:32:11;1659526331;2.0;8;3;2.0;0;0;24.6;76.3;58;626;-1
2022/08/03;11:32:21;1659526341;3.0;13;4;3.0;0;0;24.6;76.3;58;625;-1
2022/08/03;11:32:31;1659526351;3.0;13;4;6.0;0;0;24.6;76.3;58;623;-1
2022/08/03;11:32:41;1659526361;4.0;17;6;7.0;0;0;24.6;76.3;58;623;-1
2022/08/03;11:32:51;1659526371;4.0;17;6;4.0;0;0;24.6;76.3;58;622;-1
2022/08/03;11:33:01;1659526381;3.0;13;4;3.0;0;0;24.6;76.4;58;622;-1
2022/08/03;11:33:11;1659526391;3.0;13;4;6.0;0;0;24.6;76.4;58;622;-1
2022/08/03;11:33:21;1659526401;3.0;13;4;13.0;0;0;24.6;76.4;58;622;-1
2022/08/03;11:33:31;1659526411;3.0;13;4;10.0;0;0;24.6;76.3;58;622;-1
2022/08/03;11:33:41;1659526421;3.0;13;4;10.0;0;0;24.6;76.3;58;621;-1
2022/08/03;11:33:51;1659526431;3.0;13;4;3.0;0;0;24.6;76.3;58;621;-1
2022/08/03;11:34:01;1659526441;3.0;13;4;3.0;0;0;24.6;76.3;58;620;-1
2022/08/03;11:34:11;1659526451;3.0;13;4;3.0;0;0;24.6;76.3;58;619;-1
2022/08/03;11:34:21;1659526461;3.0;13;4;6.0;0;0;24.6;76.3;58;618;-1
2022/08/03;11:34:31;1659526471;3.0;13;4;10.0;0;0;24.6;76.3;58;618;-1
2022/08/03;11:34:41;1659526481;3.0;13;4;6.0;0;0;24.6;76.3;58;618;-1
2022/08/03;11:34:51;1659526491;3.0;13;4;6.0;0;0;24.6;76.3;58;617;-1
2022/08/03;11:35:01;1659526501;3.0;13;4;3.0;0;0;24.6;76.4;58;618;-1
2022/08/03;11:35:11;1659526511;3.0;13;4;3.0;0;0;24.6;76.4;58;616;-1
2022/08/03;11:35:21;1659526521;4.0;17;6;4.0;0;0;24.6;76.4;58;616;-1
2022/08/03;11:35:31;1659526531;4.0;17;6;7.0;0;0;24.6;76.3;58;614;-1
2022/08/03;11:35:41;1659526541;4.0;17;6;11.0;0;0;24.6;76.3;58;615;-1
2022/08/03;11:35:51;1659526551;3.0;13;4;21.0;0;0;24.6;76.3;58;616;-1
2022/08/03;11:36:01;1659526561;2.0;8;3;17.0;0;0;24.6;76.4;58;616;-1
2022/08/03;11:36:11;1659526571;3.0;13;4;18.0;0;0;24.6;76.4;58;616;-1
2022/08/03;11:36:21;1659526581;3.0;13;4;6.0;0;0;24.6;76.4;58;616;-1
2022/08/03;11:36:31;1659526591;4.0;17;6;7.0;0;0;24.6;76.4;58;616;-1
2022/08/03;11:36:41;1659526601;3.0;13;4;10.0;0;0;24.6;76.4;58;615;-1
2022/08/03;11:36:51;1659526611;4.0;17;6;14.0;0;0;24.6;76.4;58;615;-1
2022/08/03;11:37:01;1659526621;3.0;13;4;10.0;0;0;24.7;76.4;58;614;-1
2022/08/03;11:37:11;1659526631;4.0;17;6;11.0;0;0;24.7;76.4;58;614;-1
2022/08/03;11:37:21;1659526641;4.0;17;6;4.0;0;0;24.7;76.4;58;614;-1
2022/08/03;11:37:31;1659526651;3.0;13;4;3.0;0;0;24.6;76.4;58;614;-1
2022/08/03;11:37:41;1659526661;3.0;13;4;3.0;0;0;24.6;76.4;58;613;-1
2022/08/03;11:37:51;1659526671;3.0;13;4;3.0;0;0;24.6;76.4;58;613;-1
2022/08/03;11:38:01;1659526681;3.0;13;4;3.0;0;0;24.6;76.4;58;612;-1
2022/08/03;11:38:11;1659526691;3.0;13;4;6.0;0;0;24.6;76.4;58;613;-1
2022/08/03;11:38:21;1659526701;3.0;13;4;3.0;0;0;24.6;76.4;58;614;-1
2022/08/03;11:38:31;1659526711;3.0;13;4;10.0;0;0;24.6;76.3;58;614;-1
2022/08/03;11:38:41;1659526721;3.0;13;4;10.0;0;0;24.6;76.3;58;614;-1
2022/08/03;11:38:51;1659526731;3.0;13;4;18.0;0;0;24.6;76.3;58;612;-1
2022/08/03;11:39:01;1659526741;4.0;17;6;11.0;0;0;24.7;76.4;57;611;-1
2022/08/03;11:39:11;1659526751;4.0;17;6;19.0;0;0;24.7;76.4;57;610;-1
2022/08/03;11:39:21;1659526761;4.0;17;6;11.0;0;0;24.7;76.4;57;610;-1
2022/08/03;11:39:31;1659526771;3.0;13;4;10.0;0;0;24.6;76.3;57;610;-1
2022/08/03;11:39:41;1659526781;3.0;13;4;13.0;0;0;24.6;76.3;57;610;-1
2022/08/03;11:39:51;1659526791;2.0;8;3;17.0;0;0;24.6;76.3;57;609;-1
2022/08/03;11:40:01;1659526801;2.0;8;3;12.0;0;0;24.6;76.3;57;609;-1
2022/08/03;11:40:11;1659526811;3.0;13;4;3.0;0;0;24.6;76.3;57;607;-1
2022/08/03;11:40:21;1659526821;3.0;13;4;3.0;0;0;24.6;76.3;57;607;-1
2022/08/03;11:40:31;1659526831;3.0;13;4;3.0;0;0;24.6;76.3;56;607;-1
2022/08/03;11:40:41;1659526841;3.0;13;4;3.0;0;0;24.6;76.3;56;607;-1
2022/08/03;11:40:51;1659526851;3.0;13;4;6.0;0;0;24.6;76.3;56;607;-1
2022/08/03;11:41:01;1659526861;2.0;8;3;2.0;0;0;24.6;76.4;57;606;-1
2022/08/03;11:41:11;1659526871;2.0;8;3;2.0;0;0;24.6;76.4;57;606;-1
2022/08/03;11:41:21;1659526881;3.0;13;4;3.0;0;0;24.6;76.4;57;605;-1
2022/08/03;11:41:31;1659526891;4.0;17;6;4.0;0;0;24.6;76.4;57;605;-1
2022/08/03;11:41:41;1659526901;3.0;13;4;6.0;0;0;24.6;76.4;57;605;-1
2022/08/03;11:41:51;1659526911;3.0;13;4;6.0;0;0;24.6;76.4;57;606;-1
2022/08/03;11:42:01;1659526921;3.0;13;4;10.0;0;0;24.6;76.4;57;606;-1
2022/08/03;11:42:11;1659526931;2.0;8;3;9.0;0;0;24.6;76.4;57;606;-1
2022/08/03;11:42:21;1659526941;2.0;8;3;5.0;0;0;24.6;76.4;57;604;-1
2022/08/03;11:42:31;1659526951;3.0;13;4;6.0;0;0;24.6;76.3;57;604;-1
2022/08/03;11:42:41;1659526961;3.0;13;4;6.0;0;0;24.6;76.3;57;604;-1
2022/08/03;11:42:51;1659526971;3.0;13;4;6.0;0;0;24.6;76.3;57;605;-1
2022/08/03;11:43:01;1659526981;2.0;8;3;9.0;0;0;24.7;76.4;57;605;-1
2022/08/03;11:43:11;1659526991;3.0;13;4;3.0;0;0;24.7;76.4;57;605;-1
2022/08/03;11:43:21;1659527001;3.0;13;4;6.0;0;0;24.7;76.4;57;605;-1
2022/08/03;11:43:31;1659527011;3.0;13;4;3.0;0;0;24.6;76.4;57;605;-1
2022/08/03;11:43:41;1659527021;3.0;13;4;3.0;0;0;24.6;76.4;57;605;-1
2022/08/03;11:43:51;1659527031;3.0;13;4;3.0;0;0;24.6;76.4;57;604;-1
2022/08/03;11:44:01;1659527041;3.0;13;4;3.0;0;0;24.6;76.4;57;603;-1
2022/08/03;11:44:11;1659527051;3.0;13;4;3.0;0;0;24.6;76.4;57;600;-1
2022/08/03;11:44:21;1659527061;2.0;8;3;2.0;0;0;24.6;76.4;57;599;-1
2022/08/03;11:44:31;1659527071;3.0;13;4;3.0;0;0;24.6;76.4;57;600;-1
2022/08/03;11:44:41;1659527081;3.0;13;4;3.0;0;0;24.6;76.4;57;601;-1
2022/08/03;11:44:51;1659527091;3.0;13;4;3.0;0;0;24.6;76.4;57;601;-1
2022/08/03;11:45:01;1659527101;3.0;13;4;3.0;0;0;24.7;76.4;57;601;-1
2022/08/03;11:45:11;1659527111;3.0;13;4;3.0;0;0;24.7;76.4;57;601;-1
2022/08/03;11:45:21;1659527121;3.0;13;4;6.0;0;0;24.7;76.4;57;601;-1
2022/08/03;11:45:31;1659527131;3.0;13;4;10.0;0;0;24.6;76.4;57;601;-1
2022/08/03;11:45:41;1659527141;2.0;8;3;5.0;0;0;24.6;76.4;57;601;-1
2022/08/03;11:45:51;1659527151;3.0;13;4;3.0;0;0;24.6;76.4;57;602;-1
2022/08/03;11:46:01;1659527161;2.0;8;3;2.0;0;0;24.7;76.4;57;602;-1
2022/08/03;11:46:11;1659527171;3.0;13;4;3.0;0;0;24.7;76.4;57;602;-1
2022/08/03;11:46:21;1659527181;3.0;13;4;3.0;0;0;24.7;76.4;57;601;-1
2022/08/03;11:46:31;1659527191;3.0;13;4;13.0;0;0;24.7;76.4;57;601;-1
2022/08/03;11:46:41;1659527201;2.0;8;3;9.0;0;0;24.7;76.4;57;601;-1
2022/08/03;11:46:51;1659527211;2.0;8;3;9.0;0;0;24.7;76.4;57;601;-1
2022/08/03;11:47:01;1659527221;3.0;13;4;3.0;0;0;24.7;76.4;57;601;-1
2022/08/03;11:47:11;1659527231;3.0;13;4;3.0;0;0;24.7;76.4;57;601;-1
2022/08/03;11:47:21;1659527241;3.0;13;4;6.0;0;0;24.7;76.4;57;601;-1
2022/08/03;11:47:31;1659527251;3.0;13;4;3.0;0;0;24.7;76.4;57;602;-1
2022/08/03;11:47:41;1659527261;3.0;13;4;3.0;0;0;24.7;76.4;57;602;-1
2022/08/03;11:47:51;1659527271;3.0;13;4;6.0;0;0;24.7;76.4;57;602;-1
2022/08/03;11:48:01;1659527281;2.0;8;3;9.0;0;0;24.7;76.4;57;602;-1
2022/08/03;11:48:11;1659527291;2.0;8;3;9.0;0;0;24.7;76.4;57;602;-1
2022/08/03;11:48:21;1659527301;2.0;8;3;2.0;0;0;24.7;76.4;57;602;-1
2022/08/03;11:48:31;1659527311;3.0;13;4;3.0;0;0;24.7;76.4;57;602;-1
2022/08/03;11:48:41;1659527321;3.0;13;4;6.0;0;0;24.7;76.4;57;601;-1
2022/08/03;11:48:51;1659527331;4.0;17;6;11.0;0;0;24.7;76.4;57;601;-1
2022/08/03;11:49:01;1659527341;4.0;17;6;11.0;0;0;24.7;76.4;57;601;-1
2022/08/03;11:49:11;1659527351;3.0;13;4;6.0;0;0;24.7;76.4;57;601;-1
2022/08/03;11:49:21;1659527361;3.0;13;4;6.0;0;0;24.7;76.4;57;601;-1
2022/08/03;11:49:31;1659527371;2.0;8;3;5.0;0;0;24.7;76.4;57;600;-1
2022/08/03;11:49:41;1659527381;2.0;8;3;2.0;0;0;24.7;76.4;57;600;-1
2022/08/03;11:49:51;1659527391;2.0;8;3;2.0;0;0;24.7;76.4;57;600;-1
2022/08/03;11:50:01;1659527401;2.0;8;3;2.0;0;0;24.7;76.4;57;599;-1
2022/08/03;11:50:11;1659527411;3.0;13;4;3.0;0;0;24.7;76.4;57;599;-1
2022/08/03;11:50:21;1659527421;3.0;13;4;3.0;0;0;24.7;76.4;57;599;-1
2022/08/03;11:50:31;1659527431;3.0;13;4;10.0;0;0;24.7;76.4;57;599;-1
2022/08/03;11:50:41;1659527441;3.0;13;4;6.0;0;0;24.7;76.4;57;599;-1
2022/08/03;11:50:51;1659527451;3.0;13;4;10.0;0;0;24.7;76.4;57;599;-1
2022/08/03;11:51:01;1659527461;3.0;13;4;3.0;0;0;24.7;76.5;57;598;-1
2022/08/03;11:51:11;1659527471;2.0;8;3;5.0;0;0;24.7;76.5;57;598;-1
2022/08/03;11:51:21;1659527481;2.0;8;3;5.0;0;0;24.7;76.5;57;598;-1
2022/08/03;11:51:31;1659527491;2.0;8;3;9.0;0;0;24.7;76.4;57;598;-1
2022/08/03;11:51:41;1659527501;2.0;8;3;5.0;0;0;24.7;76.4;57;598;-1
2022/08/03;11:51:51;1659527511;2.0;8;3;2.0;0;0;24.7;76.4;57;597;-1
2022/08/03;11:52:01;1659527521;3.0;13;4;3.0;0;0;24.7;76.4;57;597;-1
2022/08/03;11:52:11;1659527531;3.0;13;4;3.0;0;0;24.7;76.4;57;597;-1
2022/08/03;11:52:21;1659527541;3.0;13;4;6.0;0;0;24.7;76.4;57;597;-1
2022/08/03;11:52:31;1659527551;3.0;13;4;10.0;0;0;24.7;76.4;57;597;-1
2022/08/03;11:52:41;1659527561;3.0;13;4;10.0;0;0;24.7;76.4;57;596;-1
2022/08/03;11:52:51;1659527571;4.0;17;6;7.0;0;0;24.7;76.4;57;596;-1
2022/08/03;11:53:01;1659527581;3.0;13;4;6.0;0;0;24.7;76.4;57;597;-1
2022/08/03;11:53:11;1659527591;3.0;13;4;6.0;0;0;24.7;76.4;57;597;-1
2022/08/03;11:53:21;1659527601;3.0;13;4;10.0;0;0;24.7;76.4;57;596;-1
2022/08/03;11:53:31;1659527611;3.0;13;4;10.0;0;0;24.7;76.4;57;596;-1
2022/08/03;11:53:41;1659527621;4.0;17;6;7.0;0;0;24.7;76.4;57;596;-1
2022/08/03;11:53:51;1659527631;3.0;13;4;3.0;0;0;24.7;76.4;57;595;-1
2022/08/03;11:54:01;1659527641;3.0;13;4;3.0;0;0;24.7;76.5;57;596;-1
2022/08/03;11:54:11;1659527651;2.0;8;3;2.0;0;0;24.7;76.5;57;595;-1
2022/08/03;11:54:21;1659527661;2.0;8;3;2.0;0;0;24.7;76.5;57;595;-1
2022/08/03;11:54:31;1659527671;2.0;8;3;2.0;0;0;24.7;76.4;57;594;-1
2022/08/03;11:54:41;1659527681;3.0;13;4;3.0;0;0;24.7;76.4;57;594;-1
2022/08/03;11:54:51;1659527691;3.0;13;4;3.0;0;0;24.7;76.4;57;594;-1
2022/08/03;11:55:01;1659527701;3.0;13;4;10.0;0;0;24.7;76.5;57;594;-1
2022/08/03;11:55:11;1659527711;3.0;13;4;10.0;0;0;24.7;76.5;57;595;-1
2022/08/03;11:55:21;1659527721;3.0;13;4;6.0;0;0;24.7;76.5;57;594;-1
2022/08/03;11:55:31;1659527731;3.0;13;4;3.0;0;0;24.7;76.5;55;594;-1
2022/08/03;11:55:41;1659527741;3.0;13;4;3.0;0;0;24.7;76.5;55;593;-1
2022/08/03;11:55:51;1659527751;3.0;13;4;3.0;0;0;24.7;76.5;55;594;-1
2022/08/03;11:56:01;1659527761;2.0;8;3;2.0;0;0;24.7;76.4;55;593;-1
2022/08/03;11:56:11;1659527771;3.0;13;4;6.0;0;0;24.7;76.4;55;594;-1
2022/08/03;11:56:21;1659527781;3.0;13;4;3.0;0;0;24.7;76.4;55;594;-1
2022/08/03;11:56:31;1659527791;4.0;17;6;4.0;0;0;24.7;76.4;55;594;-1
2022/08/03;11:56:41;1659527801;3.0;13;4;3.0;0;0;24.7;76.4;55;594;-1
2022/08/03;11:56:51;1659527811;3.0;13;4;3.0;0;0;24.7;76.4;55;594;-1
2022/08/03;11:57:01;1659527821;2.0;8;3;2.0;0;0;24.7;76.4;55;593;-1
2022/08/03;11:57:11;1659527831;3.0;13;4;3.0;0;0;24.7;76.4;55;594;-1
2022/08/03;11:57:21;1659527841;3.0;13;4;3.0;0;0;24.7;76.4;55;594;-1
2022/08/03;11:57:31;1659527851;4.0;17;6;4.0;0;0;24.7;76.5;55;593;-1
2022/08/03;11:57:41;1659527861;4.0;17;6;7.0;0;0;24.7;76.5;55;594;-1
2022/08/03;11:57:51;1659527871;4.0;17;6;7.0;0;0;24.7;76.5;55;595;-1
2022/08/03;11:58:01;1659527881;3.0;13;4;6.0;0;0;24.7;76.4;55;594;-1
2022/08/03;11:58:11;1659527891;2.0;8;3;2.0;0;0;24.7;76.4;55;594;-1
2022/08/03;11:58:21;1659527901;2.0;8;3;5.0;0;0;24.7;76.4;55;594;-1
2022/08/03;11:58:31;1659527911;2.0;8;3;9.0;0;0;24.7;76.5;55;594;-1
2022/08/03;11:58:41;1659527921;2.0;8;3;9.0;0;0;24.7;76.5;55;594;-1
2022/08/03;11:58:51;1659527931;3.0;13;4;6.0;0;0;24.7;76.5;55;594;-1
2022/08/03;11:59:01;1659527941;3.0;13;4;3.0;0;0;24.7;76.5;55;593;-1
2022/08/03;11:59:11;1659527951;3.0;13;4;3.0;0;0;24.7;76.5;55;593;-1
2022/08/03;11:59:21;1659527961;3.0;13;4;3.0;0;0;24.7;76.5;55;593;-1
2022/08/03;11:59:31;1659527971;3.0;13;4;3.0;0;0;24.7;76.5;55;592;-1
2022/08/03;11:59:41;1659527981;3.0;13;4;3.0;0;0;24.7;76.5;55;591;-1
2022/08/03;11:59:51;1659527991;3.0;13;4;6.0;0;0;24.7;76.5;55;591;-1
2022/08/03;12:00:01;1659528001;3.0;13;4;10.0;0;0;24.7;76.4;55;590;-1
2022/08/03;12:00:11;1659528011;3.0;13;4;10.0;0;0;24.7;76.4;55;590;-1
2022/08/03;12:00:21;1659528021;3.0;13;4;3.0;0;0;24.7;76.4;55;590;-1
2022/08/03;12:00:31;1659528031;3.0;13;4;3.0;0;0;24.7;76.4;55;590;-1
2022/08/03;12:00:41;1659528041;4.0;17;6;4.0;0;0;24.7;76.4;55;589;-1
2022/08/03;12:00:51;1659528051;4.0;17;6;4.0;0;0;24.7;76.4;55;590;-1
2022/08/03;12:01:01;1659528061;4.0;17;6;11.0;0;0;24.7;76.5;55;590;-1
2022/08/03;12:01:11;1659528071;4.0;17;6;11.0;0;0;24.7;76.5;55;589;-1
2022/08/03;12:01:21;1659528081;3.0;13;4;6.0;0;0;24.7;76.5;55;589;-1
2022/08/03;12:01:31;1659528091;4.0;17;6;4.0;0;0;24.7;76.5;55;589;-1
2022/08/03;12:01:41;1659528101;3.0;13;4;3.0;0;0;24.7;76.5;55;589;-1
2022/08/03;12:01:51;1659528111;3.0;13;4;3.0;0;0;24.7;76.5;55;589;-1
2022/08/03;12:02:01;1659528121;3.0;13;4;3.0;0;0;24.7;76.4;55;589;-1
2022/08/03;12:02:11;1659528131;3.0;13;4;6.0;0;0;24.7;76.4;55;589;-1
2022/08/03;12:02:21;1659528141;3.0;13;4;6.0;0;0;24.7;76.4;55;589;-1
2022/08/03;12:02:31;1659528151;3.0;13;4;10.0;0;0;24.7;76.5;55;589;-1
2022/08/03;12:02:41;1659528161;2.0;8;3;12.0;0;0;24.7;76.5;55;589;-1
2022/08/03;12:02:51;1659528171;2.0;8;3;20.0;0;0;24.7;76.5;55;589;-1
2022/08/03;12:03:01;1659528181;2.0;8;3;17.0;0;0;24.7;76.5;55;589;-1
2022/08/03;12:03:11;1659528191;3.0;13;4;18.0;0;0;24.7;76.5;55;589;-1
2022/08/03;12:03:21;1659528201;3.0;13;4;10.0;0;0;24.7;76.5;55;589;-1
2022/08/03;12:03:31;1659528211;4.0;17;6;4.0;0;0;24.7;76.5;55;589;-1
2022/08/03;12:03:41;1659528221;3.0;13;4;3.0;0;0;24.7;76.5;55;589;-1
2022/08/03;12:03:51;1659528231;3.0;13;4;3.0;0;0;24.7;76.5;55;589;-1
2022/08/03;12:04:01;1659528241;3.0;13;4;3.0;0;0;24.7;76.5;55;589;-1
2022/08/03;12:04:11;1659528251;3.0;13;4;3.0;0;0;24.7;76.5;55;589;-1
2022/08/03;12:04:21;1659528261;4.0;17;6;4.0;0;0;24.7;76.5;55;589;-1
2022/08/03;12:04:31;1659528271;3.0;13;4;3.0;0;0;24.7;76.5;55;589;-1
2022/08/03;12:04:41;1659528281;4.0;17;6;11.0;0;0;24.7;76.5;55;589;-1
2022/08/03;12:04:51;1659528291;3.0;13;4;10.0;0;0;24.7;76.5;55;589;-1
2022/08/03;12:05:01;1659528301;3.0;13;4;10.0;0;0;24.7;76.5;55;590;-1
2022/08/03;12:05:11;1659528311;3.0;13;4;3.0;0;0;24.7;76.5;55;590;-1
2022/08/03;12:05:21;1659528321;3.0;13;4;3.0;0;0;24.7;76.5;55;591;-1
2022/08/03;12:05:31;1659528331;3.0;13;4;3.0;0;0;24.7;76.5;55;592;-1
2022/08/03;12:05:41;1659528341;3.0;13;4;3.0;0;0;24.7;76.5;55;592;-1
2022/08/03;12:05:51;1659528351;3.0;13;4;3.0;0;0;24.7;76.5;55;591;-1
2022/08/03;12:06:01;1659528361;3.0;13;4;3.0;0;0;24.7;76.5;55;591;-1
2022/08/03;12:06:11;1659528371;3.0;13;4;3.0;0;0;24.7;76.5;55;591;-1
2022/08/03;12:06:21;1659528381;3.0;13;4;10.0;0;0;24.7;76.5;55;591;-1
2022/08/03;12:06:31;1659528391;2.0;8;3;9.0;0;0;24.7;76.5;55;591;-1
2022/08/03;12:06:41;1659528401;3.0;13;4;13.0;0;0;24.7;76.5;55;590;-1
2022/08/03;12:06:51;1659528411;3.0;13;4;6.0;0;0;24.7;76.5;55;590;-1
2022/08/03;12:07:01;1659528421;4.0;17;6;11.0;0;0;24.7;76.5;55;590;-1
2022/08/03;12:07:11;1659528431;4.0;17;6;7.0;0;0;24.7;76.5;55;591;-1
2022/08/03;12:07:21;1659528441;4.0;17;6;11.0;0;0;24.7;76.5;55;591;-1
2022/08/03;12:07:31;1659528451;3.0;13;4;10.0;0;0;24.7;76.5;55;589;-1
2022/08/03;12:07:41;1659528461;3.0;13;4;6.0;0;0;24.7;76.5;55;589;-1
2022/08/03;12:07:51;1659528471;3.0;13;4;6.0;0;0;24.7;76.5;55;589;-1
2022/08/03;12:08:01;1659528481;3.0;13;4;3.0;0;0;24.7;76.5;55;589;-1
2022/08/03;12:08:11;1659528491;2.0;8;3;2.0;0;0;24.7;76.5;55;589;-1
2022/08/03;12:08:21;1659528501;3.0;13;4;3.0;0;0;24.7;76.5;55;589;-1
2022/08/03;12:08:31;1659528511;3.0;13;4;3.0;0;0;24.7;76.5;55;589;-1
2022/08/03;12:08:41;1659528521;3.0;13;4;3.0;0;0;24.7;76.5;55;589;-1
2022/08/03;12:08:51;1659528531;3.0;13;4;3.0;0;0;24.7;76.5;55;589;-1
2022/08/03;12:09:01;1659528541;3.0;13;4;3.0;0;0;24.7;76.5;55;589;-1
2022/08/03;12:09:11;1659528551;3.0;13;4;3.0;0;0;24.7;76.5;55;589;-1
2022/08/03;12:09:21;1659528561;3.0;13;4;6.0;0;0;24.7;76.5;55;589;-1
2022/08/03;12:09:31;1659528571;3.0;13;4;6.0;0;0;24.7;76.5;55;588;-1
2022/08/03;12:09:41;1659528581;4.0;17;6;4.0;0;0;24.7;76.5;55;588;-1
2022/08/03;12:09:51;1659528591;3.0;13;4;3.0;0;0;24.7;76.5;55;589;-1
2022/08/03;12:10:01;1659528601;3.0;13;4;3.0;0;0;24.7;76.5;55;589;-1
2022/08/03;12:10:11;1659528611;3.0;13;4;3.0;0;0;24.7;76.5;55;588;-1
2022/08/03;12:10:21;1659528621;4.0;17;6;4.0;0;0;24.7;76.5;55;588;-1
2022/08/03;12:10:31;1659528631;4.0;17;6;4.0;0;0;24.7;76.5;55;588;-1
2022/08/03;12:10:41;1659528641;3.0;13;4;3.0;0;0;24.7;76.5;55;588;-1
2022/08/03;12:10:51;1659528651;3.0;13;4;3.0;0;0;24.7;76.5;55;588;-1
2022/08/03;12:11:01;1659528661;3.0;13;4;6.0;0;0;24.7;76.5;55;589;-1
2022/08/03;12:11:11;1659528671;3.0;13;4;10.0;0;0;24.7;76.5;55;589;-1
2022/08/03;12:11:21;1659528681;3.0;13;4;18.0;0;0;24.7;76.5;55;589;-1
2022/08/03;12:11:31;1659528691;3.0;13;4;10.0;0;0;24.7;76.5;55;588;-1
2022/08/03;12:11:41;1659528701;3.0;13;4;6.0;0;0;24.7;76.5;55;588;-1
2022/08/03;12:11:51;1659528711;3.0;13;4;3.0;0;0;24.7;76.5;55;589;-1
2022/08/03;12:12:01;1659528721;3.0;13;4;3.0;0;0;24.7;76.5;55;588;-1
2022/08/03;12:12:11;1659528731;3.0;13;4;3.0;0;0;24.7;76.5;55;589;-1
2022/08/03;12:12:21;1659528741;3.0;13;4;3.0;0;0;24.7;76.5;55;589;-1
2022/08/03;12:12:31;1659528751;3.0;13;4;3.0;0;0;24.7;76.5;55;587;-1
2022/08/03;12:12:41;1659528761;3.0;13;4;3.0;0;0;24.7;76.5;55;587;-1
2022/08/03;12:12:51;1659528771;2.0;8;3;2.0;0;0;24.7;76.5;55;587;-1
2022/08/03;12:13:01;1659528781;3.0;13;4;3.0;0;0;24.7;76.5;55;588;-1
2022/08/03;12:13:11;1659528791;3.0;13;4;3.0;0;0;24.7;76.5;55;588;-1
2022/08/03;12:13:21;1659528801;3.0;13;4;3.0;0;0;24.7;76.5;55;588;-1
2022/08/03;12:13:31;1659528811;3.0;13;4;3.0;0;0;24.7;76.5;55;588;-1
2022/08/03;12:13:41;1659528821;4.0;17;6;4.0;0;0;24.7;76.5;55;589;-1
2022/08/03;12:13:51;1659528831;4.0;17;6;4.0;0;0;24.7;76.5;55;589;-1
2022/08/03;12:14:01;1659528841;4.0;17;6;4.0;0;0;24.7;76.5;55;588;-1
2022/08/03;12:14:11;1659528851;3.0;13;4;6.0;0;0;24.7;76.5;55;588;-1
2022/08/03;12:14:21;1659528861;3.0;13;4;6.0;0;0;24.7;76.5;55;587;-1
2022/08/03;12:14:31;1659528871;3.0;13;4;10.0;0;0;24.7;76.5;55;586;-1
2022/08/03;12:14:41;1659528881;3.0;13;4;3.0;0;0;24.7;76.5;55;583;-1
2022/08/03;12:14:51;1659528891;3.0;13;4;10.0;0;0;24.7;76.5;55;584;-1
2022/08/03;12:15:01;1659528901;3.0;13;4;6.0;0;0;24.7;76.5;55;584;-1
2022/08/03;12:15:11;1659528911;3.0;13;4;6.0;0;0;24.7;76.5;55;584;-1
2022/08/03;12:15:21;1659528921;3.0;13;4;3.0;0;0;24.7;76.5;55;585;-1
2022/08/03;12:15:31;1659528931;3.0;13;4;3.0;0;0;24.7;76.4;55;585;-1
2022/08/03;12:15:41;1659528941;3.0;13;4;3.0;0;0;24.7;76.4;55;585;-1
2022/08/03;12:15:51;1659528951;3.0;13;4;3.0;0;0;24.7;76.4;55;586;-1
2022/08/03;12:16:01;1659528961;3.0;13;4;10.0;0;0;24.7;76.5;55;585;-1
2022/08/03;12:16:11;1659528971;3.0;13;4;10.0;0;0;24.7;76.5;55;585;-1
2022/08/03;12:16:21;1659528981;3.0;13;4;10.0;0;0;24.7;76.5;55;586;-1
2022/08/03;12:16:31;1659528991;3.0;13;4;3.0;0;0;24.7;76.5;55;587;-1
2022/08/03;12:16:41;1659529001;3.0;13;4;6.0;0;0;24.7;76.5;55;587;-1
2022/08/03;12:16:51;1659529011;3.0;13;4;6.0;0;0;24.7;76.5;55;586;-1
2022/08/03;12:17:01;1659529021;5.0;21;7;12.0;0;0;24.7;76.5;55;586;-1
2022/08/03;12:17:11;1659529031;5.0;21;7;8.0;0;0;24.7;76.5;55;586;-1
2022/08/03;12:17:21;1659529041;4.0;17;6;14.0;0;0;24.7;76.5;55;586;-1
2022/08/03;12:17:31;1659529051;3.0;13;4;10.0;0;0;24.7;76.5;54;586;-1
2022/08/03;12:17:41;1659529061;3.0;13;4;10.0;0;0;24.7;76.5;54;586;-1
2022/08/03;12:17:51;1659529071;3.0;13;4;6.0;0;0;24.7;76.5;54;587;-1
2022/08/03;12:18:01;1659529081;3.0;13;4;10.0;0;0;24.7;76.5;54;587;-1
2022/08/03;12:18:11;1659529091;3.0;13;4;18.0;0;0;24.7;76.5;54;587;-1
2022/08/03;12:18:21;1659529101;3.0;13;4;13.0;0;0;24.7;76.5;54;588;-1
2022/08/03;12:18:31;1659529111;2.0;8;3;9.0;0;0;24.7;76.5;54;590;-1
2022/08/03;12:18:41;1659529121;3.0;13;4;3.0;0;0;24.7;76.5;54;589;-1
2022/08/03;12:18:51;1659529131;3.0;13;4;6.0;0;0;24.7;76.5;54;587;-1
2022/08/03;12:19:01;1659529141;3.0;13;4;6.0;0;0;24.7;76.5;54;586;-1
2022/08/03;12:19:11;1659529151;2.0;8;3;5.0;0;0;24.7;76.5;54;586;-1
2022/08/03;12:19:21;1659529161;2.0;8;3;2.0;0;0;24.7;76.5;54;585;-1
2022/08/03;12:19:31;1659529171;3.0;13;4;6.0;0;0;24.7;76.5;54;585;-1
2022/08/03;12:19:41;1659529181;3.0;13;4;6.0;0;0;24.7;76.5;54;585;-1
2022/08/03;12:19:51;1659529191;3.0;13;4;13.0;0;0;24.7;76.5;54;585;-1
2022/08/03;12:20:01;1659529201;3.0;13;4;10.0;0;0;24.7;76.5;54;585;-1
2022/08/03;12:20:11;1659529211;3.0;13;4;18.0;0;0;24.7;76.5;54;583;-1
2022/08/03;12:20:21;1659529221;3.0;13;4;10.0;0;0;24.7;76.5;54;583;-1
2022/08/03;12:20:31;1659529231;3.0;13;4;13.0;0;0;24.7;76.5;54;585;-1
2022/08/03;12:20:41;1659529241;3.0;13;4;10.0;0;0;24.7;76.5;54;585;-1
2022/08/03;12:20:51;1659529251;3.0;13;4;10.0;0;0;24.7;76.5;54;586;-1
2022/08/03;12:21:01;1659529261;3.0;13;4;3.0;0;0;24.7;76.5;54;586;-1
2022/08/03;12:21:11;1659529271;3.0;13;4;3.0;0;0;24.7;76.5;54;588;-1
2022/08/03;12:21:21;1659529281;3.0;13;4;3.0;0;0;24.7;76.5;54;586;-1
2022/08/03;12:21:31;1659529291;2.0;8;3;2.0;0;0;24.7;76.5;54;585;-1
2022/08/03;12:21:41;1659529301;3.0;13;4;3.0;0;0;24.7;76.5;54;586;-1
2022/08/03;12:21:51;1659529311;3.0;13;4;3.0;0;0;24.7;76.5;54;586;-1
2022/08/03;12:22:01;1659529321;3.0;13;4;3.0;0;0;24.7;76.5;54;586;-1
2022/08/03;12:22:11;1659529331;4.0;17;6;4.0;0;0;24.7;76.5;54;587;-1
2022/08/03;12:22:21;1659529341;3.0;13;4;10.0;0;0;24.7;76.5;54;587;-1
2022/08/03;12:22:31;1659529351;3.0;13;4;6.0;0;0;24.7;76.4;54;588;-1
2022/08/03;12:22:41;1659529361;3.0;13;4;6.0;0;0;24.7;76.4;54;588;-1
2022/08/03;12:22:51;1659529371;3.0;13;4;6.0;0;0;24.7;76.4;54;588;-1
2022/08/03;12:23:01;1659529381;4.0;17;6;11.0;0;0;24.7;76.5;54;588;-1
2022/08/03;12:23:11;1659529391;5.0;21;7;20.0;0;0;24.7;76.5;54;587;-1
2022/08/03;12:23:21;1659529401;4.0;17;6;14.0;0;0;24.7;76.5;54;587;-1
2022/08/03;12:23:31;1659529411;3.0;13;4;21.0;0;0;24.7;76.5;54;587;-1
2022/08/03;12:23:41;1659529421;3.0;13;4;18.0;0;0;24.7;76.5;54;587;-1
2022/08/03;12:23:51;1659529431;4.0;17;6;19.0;0;0;24.7;76.5;54;587;-1
2022/08/03;12:24:01;1659529441;4.0;17;6;14.0;0;0;24.7;76.5;54;587;-1
2022/08/03;12:24:11;1659529451;3.0;13;4;10.0;0;0;24.7;76.5;54;587;-1
2022/08/03;12:24:21;1659529461;3.0;13;4;13.0;0;0;24.7;76.5;54;587;-1
2022/08/03;12:24:31;1659529471;3.0;13;4;10.0;0;0;24.7;76.4;54;588;-1
2022/08/03;12:24:41;1659529481;3.0;13;4;10.0;0;0;24.7;76.4;54;588;-1
2022/08/03;12:24:51;1659529491;3.0;13;4;6.0;0;0;24.7;76.4;54;587;-1
2022/08/03;12:25:01;1659529501;3.0;13;4;6.0;0;0;24.7;76.5;54;587;-1
2022/08/03;12:25:11;1659529511;4.0;17;6;11.0;0;0;24.7;76.5;54;587;-1
2022/08/03;12:25:21;1659529521;4.0;17;6;4.0;0;0;24.7;76.5;54;586;-1
2022/08/03;12:25:31;1659529531;3.0;13;4;3.0;0;0;24.7;76.5;54;586;-1
2022/08/03;12:25:41;1659529541;3.0;13;4;3.0;0;0;24.7;76.5;54;586;-1
2022/08/03;12:25:51;1659529551;3.0;13;4;3.0;0;0;24.7;76.5;54;586;-1
2022/08/03;12:26:01;1659529561;3.0;13;4;6.0;0;0;24.7;76.5;54;586;-1
2022/08/03;12:26:11;1659529571;2.0;8;3;2.0;0;0;24.7;76.5;54;585;-1
2022/08/03;12:26:21;1659529581;3.0;13;4;6.0;0;0;24.7;76.5;54;585;-1
2022/08/03;12:26:31;1659529591;3.0;13;4;10.0;0;0;24.7;76.5;54;583;-1
2022/08/03;12:26:41;1659529601;4.0;17;6;19.0;0;0;24.7;76.5;54;582;-1
2022/08/03;12:26:51;1659529611;4.0;17;6;19.0;0;0;24.7;76.5;54;583;-1
2022/08/03;12:27:01;1659529621;4.0;17;6;11.0;0;0;24.7;76.5;54;585;-1
2022/08/03;12:27:11;1659529631;3.0;13;4;3.0;0;0;24.7;76.5;54;585;-1
2022/08/03;12:27:21;1659529641;3.0;13;4;3.0;0;0;24.7;76.5;54;584;-1
2022/08/03;12:27:31;1659529651;3.0;13;4;3.0;0;0;24.7;76.4;54;585;-1
2022/08/03;12:27:41;1659529661;5.0;21;7;5.0;0;0;24.7;76.4;54;585;-1
2022/08/03;12:27:51;1659529671;5.0;21;7;12.0;0;0;24.7;76.4;54;584;-1
2022/08/03;12:28:01;1659529681;5.0;21;7;15.0;0;0;24.7;76.4;54;584;-1
2022/08/03;12:28:11;1659529691;4.0;17;6;11.0;0;0;24.7;76.4;54;584;-1
2022/08/03;12:28:21;1659529701;4.0;17;6;7.0;0;0;24.7;76.4;54;585;-1
2022/08/03;12:28:31;1659529711;3.0;13;4;6.0;0;0;24.7;76.5;54;585;-1
2022/08/03;12:28:41;1659529721;4.0;17;6;11.0;0;0;24.7;76.5;54;586;-1
2022/08/03;12:28:51;1659529731;3.0;13;4;6.0;0;0;24.7;76.5;54;586;-1
2022/08/03;12:29:01;1659529741;3.0;13;4;3.0;0;0;24.7;76.5;54;586;-1
2022/08/03;12:29:11;1659529751;3.0;13;4;3.0;0;0;24.7;76.5;54;587;-1
2022/08/03;12:29:21;1659529761;4.0;17;6;7.0;0;0;24.7;76.5;54;588;-1
2022/08/03;12:29:31;1659529771;4.0;17;6;11.0;0;0;24.7;76.5;54;587;-1
2022/08/03;12:29:41;1659529781;3.0;13;4;10.0;0;0;24.7;76.5;54;586;-1
2022/08/03;12:29:51;1659529791;3.0;13;4;10.0;0;0;24.7;76.5;54;586;-1
2022/08/03;12:30:01;1659529801;3.0;13;4;6.0;0;0;24.7;76.4;54;585;-1
2022/08/03;12:30:11;1659529811;4.0;17;6;4.0;0;0;24.7;76.4;54;585;-1
2022/08/03;12:30:21;1659529821;4.0;17;6;4.0;0;0;24.7;76.4;54;585;-1
2022/08/03;12:30:31;1659529831;3.0;13;4;3.0;0;0;24.7;76.5;54;585;-1
2022/08/03;12:30:41;1659529841;3.0;13;4;10.0;0;0;24.7;76.5;54;586;-1
2022/08/03;12:30:51;1659529851;3.0;13;4;10.0;0;0;24.7;76.5;54;585;-1
2022/08/03;12:31:01;1659529861;3.0;13;4;13.0;0;0;24.7;76.5;54;584;-1
2022/08/03;12:31:11;1659529871;4.0;17;6;7.0;0;0;24.7;76.5;54;585;-1
2022/08/03;12:31:21;1659529881;4.0;17;6;4.0;0;0;24.7;76.5;54;585;-1
2022/08/03;12:31:31;1659529891;3.0;13;4;3.0;0;0;24.7;76.5;54;585;-1
2022/08/03;12:31:41;1659529901;3.0;13;4;3.0;0;0;24.7;76.5;54;585;-1
2022/08/03;12:31:51;1659529911;3.0;13;4;3.0;0;0;24.7;76.5;54;584;-1
2022/08/03;12:32:01;1659529921;3.0;13;4;3.0;0;0;24.7;76.4;54;585;-1
2022/08/03;12:32:11;1659529931;3.0;13;4;3.0;0;0;24.7;76.4;54;585;-1
2022/08/03;12:32:21;1659529941;3.0;13;4;3.0;0;0;24.7;76.4;54;586;-1
2022/08/03;12:32:31;1659529951;2.0;8;3;2.0;0;0;24.7;76.5;54;584;-1
2022/08/03;12:32:41;1659529961;3.0;13;4;10.0;0;0;24.7;76.5;54;584;-1
2022/08/03;12:32:51;1659529971;4.0;17;6;11.0;0;0;24.7;76.5;54;585;-1
2022/08/03;12:33:01;1659529981;4.0;17;6;14.0;0;0;24.7;76.5;54;585;-1
2022/08/03;12:33:11;1659529991;3.0;13;4;3.0;0;0;24.7;76.5;54;585;-1
2022/08/03;12:33:21;1659530001;3.0;13;4;3.0;0;0;24.7;76.5;54;585;-1
2022/08/03;12:33:31;1659530011;3.0;13;4;3.0;0;0;24.7;76.4;54;585;-1
2022/08/03;12:33:41;1659530021;3.0;13;4;3.0;0;0;24.7;76.4;54;585;-1
2022/08/03;12:33:51;1659530031;4.0;17;6;4.0;0;0;24.7;76.4;54;586;-1
2022/08/03;12:34:01;1659530041;4.0;17;6;4.0;0;0;24.7;76.5;54;586;-1
2022/08/03;12:34:11;1659530051;4.0;17;6;7.0;0;0;24.7;76.5;54;586;-1
2022/08/03;12:34:21;1659530061;3.0;13;4;6.0;0;0;24.7;76.5;54;586;-1
2022/08/03;12:34:31;1659530071;2.0;8;3;9.0;0;0;24.7;76.4;54;586;-1
2022/08/03;12:34:41;1659530081;3.0;13;4;6.0;0;0;24.7;76.4;54;587;-1
2022/08/03;12:34:51;1659530091;3.0;13;4;13.0;0;0;24.7;76.4;54;587;-1
2022/08/03;12:35:01;1659530101;3.0;13;4;10.0;0;0;24.7;76.5;54;586;-1
2022/08/03;12:35:11;1659530111;4.0;17;6;7.0;0;0;24.7;76.5;54;586;-1
2022/08/03;12:35:21;1659530121;4.0;17;6;4.0;0;0;24.7;76.5;54;586;-1
2022/08/03;12:35:31;1659530131;4.0;17;6;4.0;0;0;24.7;76.4;54;586;-1
2022/08/03;12:35:41;1659530141;3.0;13;4;3.0;0;0;24.7;76.4;54;586;-1
2022/08/03;12:35:51;1659530151;3.0;13;4;6.0;0;0;24.7;76.4;54;586;-1
2022/08/03;12:36:01;1659530161;3.0;13;4;6.0;0;0;24.7;76.4;54;586;-1
2022/08/03;12:36:11;1659530171;3.0;13;4;3.0;0;0;24.7;76.4;54;585;-1
2022/08/03;12:36:21;1659530181;4.0;17;6;4.0;0;0;24.7;76.4;54;585;-1
2022/08/03;12:36:31;1659530191;3.0;13;4;3.0;0;0;24.7;76.4;54;586;-1
2022/08/03;12:36:41;1659530201;3.0;13;4;3.0;0;0;24.7;76.4;54;586;-1
2022/08/03;12:36:51;1659530211;3.0;13;4;3.0;0;0;24.7;76.4;54;584;-1
2022/08/03;12:37:01;1659530221;4.0;17;6;4.0;0;0;24.7;76.4;54;583;-1
2022/08/03;12:37:11;1659530231;3.0;13;4;3.0;0;0;24.7;76.4;54;584;-1
2022/08/03;12:37:21;1659530241;3.0;13;4;3.0;0;0;24.7;76.4;54;584;-1
2022/08/03;12:37:31;1659530251;4.0;17;6;4.0;0;0;24.6;76.4;54;585;-1
2022/08/03;12:37:41;1659530261;4.0;17;6;4.0;0;0;24.6;76.4;54;585;-1
2022/08/03;12:37:51;1659530271;4.0;17;6;4.0;0;0;24.6;76.4;54;585;-1
2022/08/03;12:38:01;1659530281;3.0;13;4;6.0;0;0;24.7;76.4;54;585;-1
2022/08/03;12:38:11;1659530291;3.0;13;4;13.0;0;0;24.7;76.4;54;585;-1
2022/08/03;12:38:21;1659530301;3.0;13;4;13.0;0;0;24.7;76.4;54;586;-1
2022/08/03;12:38:31;1659530311;3.0;13;4;10.0;0;0;24.6;76.4;54;585;-1
2022/08/03;12:38:41;1659530321;3.0;13;4;13.0;0;0;24.6;76.4;54;585;-1
2022/08/03;12:38:51;1659530331;3.0;13;4;13.0;0;0;24.6;76.4;54;585;-1
2022/08/03;12:39:01;1659530341;3.0;13;4;18.0;0;0;24.6;76.4;54;585;-1
2022/08/03;12:39:11;1659530351;2.0;8;3;5.0;0;0;24.6;76.4;54;586;-1
2022/08/03;12:39:21;1659530361;3.0;13;4;3.0;0;0;24.6;76.4;54;586;-1
2022/08/03;12:39:31;1659530371;4.0;17;6;4.0;0;0;24.7;76.4;54;587;-1
2022/08/03;12:39:41;1659530381;3.0;13;4;3.0;0;0;24.7;76.4;54;588;-1
2022/08/03;12:39:51;1659530391;3.0;13;4;3.0;0;0;24.7;76.4;54;587;-1
2022/08/03;12:40:01;1659530401;3.0;13;4;3.0;0;0;24.7;76.4;54;586;-1
2022/08/03;12:40:11;1659530411;3.0;13;4;3.0;0;0;24.7;76.4;54;586;-1
2022/08/03;12:40:21;1659530421;2.0;8;3;2.0;0;0;24.7;76.4;54;586;-1
2022/08/03;12:40:31;1659530431;3.0;13;4;3.0;0;0;24.7;76.4;54;586;-1
2022/08/03;12:40:41;1659530441;3.0;13;4;3.0;0;0;24.7;76.4;54;586;-1
2022/08/03;12:40:51;1659530451;3.0;13;4;3.0;0;0;24.7;76.4;54;587;-1
2022/08/03;12:41:01;1659530461;3.0;13;4;3.0;0;0;24.7;76.4;54;588;-1
2022/08/03;12:41:11;1659530471;3.0;13;4;3.0;0;0;24.7;76.4;54;588;-1
2022/08/03;12:41:21;1659530481;4.0;17;6;7.0;0;0;24.7;76.4;54;588;-1
2022/08/03;12:41:31;1659530491;4.0;17;6;11.0;0;0;24.7;76.4;54;587;-1
2022/08/03;12:41:41;1659530501;4.0;17;6;11.0;0;0;24.7;76.4;54;587;-1
2022/08/03;12:41:51;1659530511;3.0;13;4;6.0;0;0;24.7;76.4;54;587;-1
2022/08/03;12:42:01;1659530521;4.0;17;6;7.0;0;0;24.7;76.4;54;587;-1
2022/08/03;12:42:11;1659530531;3.0;13;4;10.0;0;0;24.7;76.4;54;587;-1
2022/08/03;12:42:21;1659530541;3.0;13;4;13.0;0;0;24.7;76.4;54;586;-1
2022/08/03;12:42:31;1659530551;2.0;8;3;9.0;0;0;24.7;76.4;54;585;-1
2022/08/03;12:42:41;1659530561;2.0;8;3;12.0;0;0;24.7;76.4;54;586;-1
2022/08/03;12:42:51;1659530571;2.0;8;3;12.0;0;0;24.7;76.4;54;586;-1
2022/08/03;12:43:01;1659530581;3.0;13;4;13.0;0;0;24.7;76.4;54;584;-1
2022/08/03;12:43:11;1659530591;3.0;13;4;10.0;0;0;24.7;76.4;54;583;-1
2022/08/03;12:43:21;1659530601;3.0;13;4;3.0;0;0;24.7;76.4;54;583;-1
2022/08/03;12:43:31;1659530611;4.0;17;6;4.0;0;0;24.7;76.4;54;583;-1
2022/08/03;12:43:41;1659530621;3.0;13;4;3.0;0;0;24.7;76.4;54;581;-1
2022/08/03;12:43:51;1659530631;3.0;13;4;3.0;0;0;24.7;76.4;54;582;-1
2022/08/03;12:44:01;1659530641;3.0;13;4;3.0;0;0;24.7;76.4;54;581;-1
2022/08/03;12:44:11;1659530651;3.0;13;4;6.0;0;0;24.7;76.4;54;581;-1
2022/08/03;12:44:21;1659530661;3.0;13;4;3.0;0;0;24.7;76.4;54;581;-1
2022/08/03;12:44:31;1659530671;3.0;13;4;3.0;0;0;24.7;76.4;54;581;-1
2022/08/03;12:44:41;1659530681;3.0;13;4;3.0;0;0;24.7;76.4;54;581;-1
2022/08/03;12:44:51;1659530691;3.0;13;4;3.0;0;0;24.7;76.4;54;581;-1
2022/08/03;12:45:01;1659530701;3.0;13;4;6.0;0;0;24.7;76.4;54;581;-1
2022/08/03;12:45:11;1659530711;3.0;13;4;6.0;0;0;24.7;76.4;54;582;-1
2022/08/03;12:45:21;1659530721;4.0;17;6;7.0;0;0;24.7;76.4;54;583;-1
2022/08/03;12:45:31;1659530731;4.0;17;6;4.0;0;0;24.7;76.4;54;583;-1
2022/08/03;12:45:41;1659530741;4.0;17;6;11.0;0;0;24.7;76.4;54;584;-1
2022/08/03;12:45:51;1659530751;4.0;17;6;11.0;0;0;24.7;76.4;54;583;-1
2022/08/03;12:46:01;1659530761;3.0;13;4;10.0;0;0;24.7;76.4;54;583;-1
2022/08/03;12:46:11;1659530771;2.0;8;3;2.0;0;0;24.7;76.4;54;583;-1
2022/08/03;12:46:21;1659530781;2.0;8;3;2.0;0;0;24.7;76.4;54;584;-1
2022/08/03;12:46:31;1659530791;3.0;13;4;6.0;0;0;24.7;76.4;54;585;-1
2022/08/03;12:46:41;1659530801;3.0;13;4;6.0;0;0;24.7;76.4;54;584;-1
2022/08/03;12:46:51;1659530811;3.0;13;4;10.0;0;0;24.7;76.4;54;582;-1
2022/08/03;12:47:01;1659530821;3.0;13;4;3.0;0;0;24.7;76.5;54;581;-1
2022/08/03;12:47:11;1659530831;3.0;13;4;3.0;0;0;24.7;76.5;54;583;-1
2022/08/03;12:47:21;1659530841;3.0;13;4;3.0;0;0;24.7;76.5;54;583;-1
2022/08/03;12:47:31;1659530851;2.0;8;3;2.0;0;0;24.7;76.4;54;583;-1
2022/08/03;12:47:41;1659530861;2.0;8;3;2.0;0;0;24.7;76.4;54;583;-1
2022/08/03;12:47:51;1659530871;3.0;13;4;3.0;0;0;24.7;76.4;54;582;-1
2022/08/03;12:48:01;1659530881;3.0;13;4;3.0;0;0;24.7;76.4;54;582;-1
2022/08/03;12:48:11;1659530891;2.0;8;3;5.0;0;0;24.7;76.4;54;582;-1
2022/08/03;12:48:21;1659530901;2.0;8;3;5.0;0;0;24.7;76.4;54;582;-1
2022/08/03;12:48:31;1659530911;2.0;8;3;2.0;0;0;24.7;76.4;54;581;-1
2022/08/03;12:48:41;1659530921;3.0;13;4;3.0;0;0;24.7;76.4;54;582;-1
2022/08/03;12:48:51;1659530931;3.0;13;4;3.0;0;0;24.7;76.4;54;581;-1
2022/08/03;12:49:01;1659530941;3.0;13;4;3.0;0;0;24.7;76.4;54;581;-1
2022/08/03;12:49:11;1659530951;3.0;13;4;3.0;0;0;24.7;76.4;54;581;-1
2022/08/03;12:49:21;1659530961;3.0;13;4;3.0;0;0;24.7;76.4;54;581;-1
2022/08/03;12:49:31;1659530971;4.0;17;6;7.0;0;0;24.7;76.4;54;582;-1
2022/08/03;12:49:41;1659530981;4.0;17;6;7.0;0;0;24.7;76.4;54;582;-1
2022/08/03;12:49:51;1659530991;4.0;17;6;7.0;0;0;24.7;76.4;54;581;-1
2022/08/03;12:50:01;1659531001;3.0;13;4;10.0;0;0;24.7;76.4;54;582;-1
2022/08/03;12:50:11;1659531011;2.0;8;3;5.0;0;0;24.7;76.4;54;581;-1
2022/08/03;12:50:21;1659531021;2.0;8;3;5.0;0;0;24.7;76.4;54;581;-1
2022/08/03;12:50:31;1659531031;2.0;8;3;2.0;0;0;24.7;76.4;54;582;-1
2022/08/03;12:50:41;1659531041;3.0;13;4;6.0;0;0;24.7;76.4;54;582;-1
2022/08/03;12:50:51;1659531051;3.0;13;4;3.0;0;0;24.7;76.4;54;582;-1
2022/08/03;12:51:01;1659531061;3.0;13;4;3.0;0;0;24.7;76.4;54;583;-1
2022/08/03;12:51:11;1659531071;2.0;8;3;2.0;0;0;24.7;76.4;54;583;-1
2022/08/03;12:51:21;1659531081;2.0;8;3;2.0;0;0;24.7;76.4;54;583;-1
2022/08/03;12:51:31;1659531091;3.0;13;4;3.0;0;0;24.7;76.4;54;584;-1
2022/08/03;12:51:41;1659531101;3.0;13;4;3.0;0;0;24.7;76.4;54;583;-1
2022/08/03;12:51:51;1659531111;2.0;8;3;2.0;0;0;24.7;76.4;54;583;-1
2022/08/03;12:52:01;1659531121;2.0;8;3;2.0;0;0;24.7;76.4;54;583;-1
2022/08/03;12:52:11;1659531131;2.0;8;3;2.0;0;0;24.7;76.4;54;584;-1
2022/08/03;12:52:21;1659531141;3.0;13;4;3.0;0;0;24.7;76.4;54;583;-1
2022/08/03;12:52:31;1659531151;3.0;13;4;10.0;0;0;24.7;76.4;53;583;-1
2022/08/03;12:52:41;1659531161;3.0;13;4;10.0;0;0;24.7;76.4;53;582;-1
2022/08/03;12:52:51;1659531171;3.0;13;4;13.0;0;0;24.7;76.4;53;583;-1
2022/08/03;12:53:01;1659531181;3.0;13;4;10.0;0;0;24.6;76.4;54;583;-1
2022/08/03;12:53:11;1659531191;2.0;8;3;9.0;0;0;24.6;76.4;54;583;-1
2022/08/03;12:53:21;1659531201;2.0;8;3;5.0;0;0;24.6;76.4;54;583;-1
2022/08/03;12:53:31;1659531211;2.0;8;3;9.0;0;0;24.7;76.4;54;583;-1
2022/08/03;12:53:41;1659531221;3.0;13;4;6.0;0;0;24.7;76.4;54;583;-1
2022/08/03;12:53:51;1659531231;3.0;13;4;6.0;0;0;24.7;76.4;54;583;-1
2022/08/03;12:54:01;1659531241;3.0;13;4;3.0;0;0;24.7;76.4;53;583;-1
2022/08/03;12:54:11;1659531251;3.0;13;4;3.0;0;0;24.7;76.4;53;584;-1
2022/08/03;12:54:21;1659531261;3.0;13;4;3.0;0;0;24.7;76.4;53;583;-1
2022/08/03;12:54:31;1659531271;3.0;13;4;3.0;0;0;24.7;76.4;54;583;-1
2022/08/03;12:54:41;1659531281;3.0;13;4;6.0;0;0;24.7;76.4;54;583;-1
2022/08/03;12:54:51;1659531291;2.0;8;3;2.0;0;0;24.7;76.4;54;582;-1
2022/08/03;12:55:01;1659531301;2.0;8;3;5.0;0;0;24.7;76.4;54;582;-1
2022/08/03;12:55:11;1659531311;3.0;13;4;6.0;0;0;24.7;76.4;54;583;-1
2022/08/03;12:55:21;1659531321;3.0;13;4;6.0;0;0;24.7;76.4;54;583;-1
2022/08/03;12:55:31;1659531331;3.0;13;4;3.0;0;0;24.7;76.4;53;584;-1
2022/08/03;12:55:41;1659531341;2.0;8;3;5.0;0;0;24.7;76.4;53;584;-1
2022/08/03;12:55:51;1659531351;2.0;8;3;5.0;0;0;24.7;76.4;53;584;-1
2022/08/03;12:56:01;1659531361;2.0;8;3;5.0;0;0;24.7;76.4;53;584;-1
2022/08/03;12:56:11;1659531371;3.0;13;4;3.0;0;0;24.7;76.4;53;584;-1
2022/08/03;12:56:21;1659531381;3.0;13;4;3.0;0;0;24.7;76.4;53;582;-1
2022/08/03;12:56:31;1659531391;3.0;13;4;3.0;0;0;24.7;76.4;54;582;-1
2022/08/03;12:56:41;1659531401;2.0;8;3;2.0;0;0;24.7;76.4;54;582;-1
2022/08/03;12:56:51;1659531411;2.0;8;3;2.0;0;0;24.7;76.4;54;582;-1
2022/08/03;12:57:01;1659531421;1.0;4;1;1.0;0;0;24.7;76.4;53;582;-1
2022/08/03;12:57:11;1659531431;2.0;8;3;5.0;0;0;24.7;76.4;53;583;-1
2022/08/03;15:07:26;1659539246;8.0;33;11;31.0;0;0;23.3;73.9;56;669;-1
2022/08/03;15:07:36;1659539256;7.0;29;10;26.0;0;0;23.3;73.9;56;673;-1
2022/08/03;15:07:46;1659539266;7.0;29;10;30.0;0;0;23.3;73.9;56;653;-1
2022/08/03;15:07:56;1659539276;6.0;25;9;39.0;0;0;23.3;73.9;56;635;-1
2022/08/03;15:08:06;1659539286;7.0;29;10;37.0;0;0;23.3;73.9;56;647;-1
2022/08/03;15:08:16;1659539296;6.0;25;9;29.0;0;0;23.3;73.9;56;648;-1
2022/08/03;15:08:27;1659539307;7.0;29;10;16.0;0;0;23.3;73.9;56;647;-1
